0.100000 0.000760 0.001043 -0.000870 0.001557
0.200000 0.001452 0.000656 0.000162 0.001601
0.300000 0.001803 0.001187 -0.000302 0.002180
0.400000 0.003560 0.001668 -0.000147 0.003934
0.500000 0.003378 0.001398 0.000219 0.003663
0.600000 0.004190 0.002611 -0.000725 0.004990
0.700000 0.004385 0.003049 0.000159 0.005343
0.800000 0.004672 0.003127 0.000282 0.005628
0.900000 0.006644 0.003304 0.000389 0.007430
1.000000 0.006872 0.003310 0.000795 0.007669
1.100000 0.007813 0.004182 -0.000432 0.008873
1.200000 0.007595 0.005090 0.000236 0.009146
1.300000 0.007703 0.005114 0.000787 0.009280
1.400000 0.009641 0.005314 0.000972 0.011052
1.500000 0.010363 0.005896 0.001525 0.012020
1.600000 0.011342 0.006250 0.000233 0.012952
1.700000 0.010713 0.007580 0.000732 0.013144
1.800000 0.010702 0.007921 0.001515 0.013401
1.900000 0.012340 0.008214 0.001686 0.014919
2.000000 0.013468 0.009283 0.002419 0.016535
2.100000 0.014610 0.009223 0.001370 0.017332
2.200000 0.013733 0.010593 0.001701 0.017427
2.300000 0.013393 0.011594 0.002925 0.017954
2.400000 0.014559 0.012207 0.003133 0.019256
2.500000 0.015263 0.012876 0.004251 0.020416
2.600000 0.016316 0.013011 0.003702 0.021195
2.700000 0.015847 0.014240 0.004179 0.021711
2.800000 0.015163 0.014986 0.005798 0.022094
2.900000 0.015834 0.016099 0.005878 0.023333
3.000000 0.015871 0.016273 0.007281 0.023869
3.100000 0.016609 0.016778 0.007090 0.024650
3.200000 0.016894 0.017650 0.007585 0.025583
3.300000 0.015699 0.017771 0.009375 0.025498
3.400000 0.016053 0.019345 0.009141 0.026749
3.500000 0.015443 0.019163 0.010536 0.026771
3.600000 0.015793 0.019678 0.010715 0.027413
3.700000 0.017005 0.020321 0.011278 0.028797
3.800000 0.015533 0.019879 0.012979 0.028371
3.900000 0.015934 0.021746 0.012651 0.029780
4.000000 0.014909 0.022043 0.014184 0.030155
4.100000 0.015187 0.021533 0.015120 0.030380
4.200000 0.016602 0.022035 0.015178 0.031489
4.300000 0.015217 0.021601 0.016934 0.031383
4.400000 0.016048 0.023032 0.016298 0.032460
4.500000 0.014397 0.023887 0.017538 0.032946
4.600000 0.014509 0.022655 0.019256 0.033084
4.700000 0.015834 0.023269 0.019147 0.034041
4.800000 0.014645 0.023080 0.021035 0.034491
4.900000 0.015945 0.023813 0.020253 0.035093
5.000000 0.013779 0.025126 0.021251 0.035676
5.100000 0.013587 0.023696 0.023524 0.036049
5.200000 0.014579 0.024502 0.023292 0.036816
5.300000 0.013702 0.024493 0.025176 0.037703
5.400000 0.015447 0.024528 0.024636 0.038042
5.500000 0.013019 0.025977 0.025221 0.038476
5.600000 0.012097 0.024857 0.027985 0.039337
5.700000 0.012803 0.025715 0.028076 0.040168
5.800000 0.011511 0.025039 0.029690 0.040509
5.900000 0.013018 0.024921 0.029781 0.040956
6.000000 0.011380 0.026158 0.030255 0.041583
6.100000 0.009701 0.024678 0.032792 0.042171
6.200000 0.009937 0.025788 0.033176 0.043179
6.300000 0.008209 0.024343 0.034531 0.043039
6.400000 0.009185 0.024278 0.035102 0.043658
6.500000 0.008601 0.025312 0.035287 0.044270
6.600000 0.006200 0.023331 0.037156 0.044310
6.700000 0.006118 0.024653 0.037649 0.045416
6.800000 0.004058 0.022980 0.038504 0.045023
6.900000 0.004424 0.022433 0.039433 0.045582
7.000000 0.005028 0.023492 0.039446 0.046186
7.100000 0.002247 0.021006 0.040548 0.045721
7.200000 0.002228 0.022397 0.041125 0.046881
7.300000 0.000064 0.021329 0.042032 0.047134
7.400000 0.000327 0.019237 0.043136 0.047232
7.500000 0.001223 0.020730 0.042524 0.047323
7.600000 -0.001528 0.018133 0.043253 0.046925
7.700000 -0.000787 0.019139 0.043571 0.047595
7.800000 -0.003561 0.018974 0.044083 0.048124
7.900000 -0.003458 0.015733 0.045445 0.048215
8.000000 -0.002582 0.017407 0.044773 0.048107
8.100000 -0.005083 0.015138 0.045205 0.047943
8.200000 -0.003577 0.015506 0.045381 0.048090
8.300000 -0.006726 0.016037 0.045661 0.048860
8.400000 -0.007026 0.012465 0.047113 0.049238
8.500000 -0.006403 0.014236 0.046508 0.049057
8.600000 -0.008381 0.012280 0.046674 0.048985
8.700000 -0.006327 0.011968 0.046914 0.048828
8.800000 -0.009554 0.012962 0.046752 0.049448
8.900000 -0.010749 0.009846 0.048234 0.050389
9.000000 -0.010254 0.011146 0.048201 0.050524
9.100000 -0.012389 0.008838 0.047567 0.049942
9.200000 -0.010711 0.008083 0.048129 0.049965
9.300000 -0.012791 0.009196 0.047996 0.050515
9.400000 -0.014807 0.006421 0.048538 0.051151
9.500000 -0.014705 0.007323 0.048972 0.051654
9.600000 -0.016919 0.004674 0.047725 0.050851
9.700000 -0.015903 0.003762 0.048477 0.051157
9.800000 -0.016687 0.005254 0.048204 0.051280
9.900000 -0.019300 0.002776 0.047596 0.051435
10.000000 -0.019458 0.003326 0.048227 0.052110
10.100000 -0.021685 0.001152 0.046542 0.051359
10.200000 -0.021330 -0.000470 0.047097 0.051704
10.300000 -0.020747 0.001556 0.046960 0.051362
10.400000 -0.023541 -0.000822 0.045216 0.050984
10.500000 -0.023570 -0.000487 0.045914 0.051613
10.600000 -0.025656 -0.001771 0.044796 0.051653
10.700000 -0.025401 -0.004507 0.044686 0.051598
10.800000 -0.024416 -0.001804 0.044340 0.050650
10.900000 -0.026907 -0.003966 0.042052 0.050081
11.000000 -0.026183 -0.003847 0.042642 0.050187
11.100000 -0.028636 -0.004016 0.041520 0.050597
11.200000 -0.028541 -0.007352 0.041152 0.050618
11.300000 -0.027459 -0.004768 0.040880 0.049476
11.400000 -0.029373 -0.006219 0.038392 0.048738
11.500000 -0.028017 -0.006552 0.038954 0.048428
11.600000 -0.030609 -0.005998 0.037993 0.049156
11.700000 -0.030849 -0.009070 0.037545 0.049433
11.800000 -0.029941 -0.006772 0.037375 0.048365
11.900000 -0.031021 -0.007796 0.034928 0.047361
12.000000 -0.029282 -0.008505 0.035472 0.046776
12.100000 -0.031731 -0.007383 0.034417 0.047391
12.200000 -0.032610 -0.009583 0.034112 0.048155
