0.010000 0.000000 -0.000001 0.000096 0.000096
0.020000 -0.000005 0.000085 0.000184 0.000202
0.030000 -0.000003 0.000259 0.000185 0.000318
0.040000 -0.000098 0.000341 0.000174 0.000395
0.050000 -0.000187 0.000334 0.000084 0.000392
0.060000 -0.000187 0.000331 -0.000091 0.000391
0.070000 -0.000184 0.000233 -0.000171 0.000342
0.080000 -0.000095 0.000147 -0.000164 0.000240
0.090000 0.000079 0.000149 -0.000162 0.000233
0.100000 0.000155 0.000249 -0.000070 0.000302
0.110000 0.000236 0.000343 -0.000075 0.000423
0.120000 0.000413 0.000344 -0.000242 0.000589
0.130000 0.000482 0.000447 -0.000230 0.000697
0.140000 0.000574 0.000458 -0.000147 0.000749
0.150000 0.000751 0.000286 -0.000138 0.000816
0.160000 0.000737 0.000121 -0.000033 0.000747
0.170000 0.000643 0.000046 0.000144 0.000660
0.180000 0.000642 0.000052 0.000318 0.000718
0.190000 0.000648 0.000145 0.000389 0.000770
0.200000 0.000565 0.000234 0.000387 0.000724
0.210000 0.000392 0.000241 0.000383 0.000599
0.220000 0.000318 0.000238 0.000287 0.000490
0.230000 0.000311 0.000148 0.000201 0.000399
0.240000 0.000308 -0.000027 0.000206 0.000371
0.250000 0.000405 -0.000108 0.000202 0.000466
0.260000 0.000498 -0.000029 0.000291 0.000577
0.270000 0.000507 0.000150 0.000461 0.000701
0.280000 0.000609 0.000214 0.000449 0.000786
0.290000 0.000706 0.000289 0.000454 0.000888
0.300000 0.000718 0.000467 0.000626 0.001060
0.310000 0.000807 0.000432 0.000720 0.001164
0.320000 0.000788 0.000252 0.000797 0.001149
0.330000 0.000596 0.000094 0.000970 0.001143
0.340000 0.000517 0.000014 0.001143 0.001254
0.350000 0.000519 0.000101 0.001231 0.001340
0.360000 0.000538 0.000276 0.001229 0.001370
0.370000 0.000443 0.000372 0.001224 0.001354
0.380000 0.000357 0.000379 0.001132 0.001246
0.390000 0.000358 0.000376 0.000957 0.001089
0.400000 0.000346 0.000282 0.000883 0.000990
0.410000 0.000422 0.000184 0.000890 0.001002
0.420000 0.000596 0.000168 0.000892 0.001086
0.430000 0.000688 0.000270 0.000979 0.001226
0.440000 0.000780 0.000359 0.000974 0.001299
0.450000 0.000956 0.000343 0.000806 0.001297
0.460000 0.001040 0.000454 0.000814 0.001396
0.470000 0.001133 0.000459 0.000897 0.001516
0.480000 0.001291 0.000267 0.000906 0.001600
0.490000 0.001255 0.000120 0.001013 0.001617
0.500000 0.001148 0.000054 0.001194 0.001658
0.510000 0.001146 0.000057 0.001371 0.001788
0.520000 0.001168 0.000152 0.001437 0.001858
0.530000 0.001095 0.000249 0.001435 0.001822
0.540000 0.000922 0.000272 0.001431 0.001724
0.550000 0.000848 0.000266 0.001333 0.001602
0.560000 0.000835 0.000176 0.001245 0.001510
0.570000 0.000814 -0.000000 0.001250 0.001491
0.580000 0.000907 -0.000100 0.001242 0.001542
0.590000 0.001006 -0.000033 0.001332 0.001669
0.600000 0.001031 0.000145 0.001502 0.001828
0.610000 0.001137 0.000185 0.001492 0.001885
0.620000 0.001242 0.000246 0.001497 0.001960
0.630000 0.001270 0.000423 0.001668 0.002139
0.640000 0.001344 0.000367 0.001768 0.002251
0.650000 0.001306 0.000180 0.001847 0.002270
0.660000 0.001093 0.000038 0.002023 0.002300
0.670000 0.001011 -0.000039 0.002193 0.002415
0.680000 0.001018 0.000048 0.002283 0.002500
0.690000 0.001058 0.000225 0.002281 0.002525
0.700000 0.000965 0.000342 0.002281 0.002500
0.710000 0.000879 0.000360 0.002190 0.002388
0.720000 0.000883 0.000359 0.002014 0.002228
0.730000 0.000854 0.000268 0.001941 0.002138
0.740000 0.000920 0.000165 0.001948 0.002161
0.750000 0.001096 0.000129 0.001951 0.002241
0.760000 0.001202 0.000234 0.002038 0.002378
0.770000 0.001303 0.000318 0.002034 0.002436
0.780000 0.001484 0.000283 0.001862 0.002398
0.790000 0.001581 0.000399 0.001868 0.002480
0.800000 0.001675 0.000393 0.001948 0.002599
0.810000 0.001817 0.000182 0.001955 0.002676
0.820000 0.001761 0.000049 0.002065 0.002714
0.830000 0.001640 -0.000006 0.002248 0.002783
0.840000 0.001636 -0.000002 0.002425 0.002925
0.850000 0.001676 0.000090 0.002489 0.003002
0.860000 0.001614 0.000194 0.002486 0.002970
0.870000 0.001440 0.000236 0.002482 0.002879
0.880000 0.001367 0.000229 0.002385 0.002758
0.890000 0.001346 0.000138 0.002295 0.002664
0.900000 0.001306 -0.000038 0.002298 0.002643
0.910000 0.001398 -0.000152 0.002286 0.002684
0.920000 0.001504 -0.000095 0.002379 0.002816
0.930000 0.001546 0.000084 0.002551 0.002984
0.940000 0.001654 0.000102 0.002541 0.003033
0.950000 0.001767 0.000151 0.002544 0.003101
0.960000 0.001811 0.000328 0.002714 0.003280
0.970000 0.001870 0.000251 0.002819 0.003392
0.980000 0.001816 0.000060 0.002897 0.003420
0.990000 0.001583 -0.000064 0.003074 0.003458
1.000000 0.001495 -0.000143 0.003239 0.003570
1.010000 0.001508 -0.000054 0.003330 0.003656
1.020000 0.001566 0.000123 0.003329 0.003681
1.030000 0.001477 0.000254 0.003333 0.003655
1.040000 0.001392 0.000284 0.003243 0.003540
1.050000 0.001400 0.000284 0.003065 0.003381
1.060000 0.001353 0.000195 0.002992 0.003290
1.070000 0.001408 0.000083 0.003000 0.003315
1.080000 0.001584 0.000029 0.003002 0.003395
1.090000 0.001706 0.000135 0.003087 0.003529
1.100000 0.001816 0.000213 0.003081 0.003583
1.110000 0.001997 0.000161 0.002908 0.003532
1.120000 0.002110 0.000283 0.002915 0.003610
1.130000 0.002206 0.000272 0.002997 0.003731
1.140000 0.002329 0.000042 0.003003 0.003800
1.150000 0.002253 -0.000074 0.003114 0.003844
1.160000 0.002119 -0.000123 0.003299 0.003923
1.170000 0.002109 -0.000119 0.003477 0.004068
1.180000 0.002166 -0.000029 0.003538 0.004149
1.190000 0.002116 0.000087 0.003536 0.004122
1.200000 0.001943 0.000150 0.003533 0.004035
1.210000 0.001871 0.000143 0.003433 0.003913
1.220000 0.001846 0.000051 0.003342 0.003818
1.230000 0.001787 -0.000127 0.003345 0.003794
1.240000 0.001878 -0.000257 0.003328 0.003830
1.250000 0.001989 -0.000214 0.003420 0.003962
1.260000 0.002045 -0.000034 0.003593 0.004134
1.270000 0.002158 -0.000040 0.003583 0.004183
1.280000 0.002279 -0.000001 0.003585 0.004248
1.290000 0.002334 0.000178 0.003761 0.004430
1.300000 0.002377 0.000078 0.003870 0.004542
1.310000 0.002302 -0.000119 0.003947 0.004571
1.320000 0.002046 -0.000228 0.004128 0.004613
1.330000 0.001953 -0.000304 0.004292 0.004725
1.340000 0.001972 -0.000216 0.004385 0.004813
1.350000 0.002047 -0.000038 0.004386 0.004840
1.360000 0.001957 0.000108 0.004397 0.004814
1.370000 0.001873 0.000151 0.004306 0.004698
1.380000 0.001885 0.000152 0.004129 0.004541
1.390000 0.001824 0.000064 0.004062 0.004453
1.400000 0.001869 -0.000056 0.004065 0.004475
1.410000 0.002041 -0.000129 0.004062 0.004548
1.420000 0.002174 -0.000020 0.004148 0.004683
1.430000 0.002294 0.000053 0.004143 0.004736
1.440000 0.002481 -0.000017 0.003964 0.004676
1.450000 0.002606 0.000111 0.003970 0.004750
1.460000 0.002703 0.000094 0.004049 0.004870
1.470000 0.002809 -0.000154 0.004051 0.004933
1.480000 0.002710 -0.000259 0.004167 0.004977
1.490000 0.002561 -0.000298 0.004357 0.005063
1.500000 0.002548 -0.000297 0.004536 0.005211
1.510000 0.002621 -0.000208 0.004595 0.005294
1.520000 0.002581 -0.000086 0.004595 0.005271
1.530000 0.002407 -0.000006 0.004595 0.005187
1.540000 0.002341 -0.000010 0.004494 0.005067
1.550000 0.002312 -0.000104 0.004400 0.004971
1.560000 0.002237 -0.000283 0.004403 0.004947
1.570000 0.002328 -0.000430 0.004380 0.004979
1.580000 0.002445 -0.000397 0.004474 0.005114
1.590000 0.002515 -0.000218 0.004653 0.005294
1.600000 0.002634 -0.000246 0.004640 0.005341
1.610000 0.002764 -0.000218 0.004642 0.005407
1.620000 0.002834 -0.000040 0.004819 0.005591
1.630000 0.002862 -0.000164 0.004927 0.005701
1.640000 0.002768 -0.000366 0.005004 0.005731
1.650000 0.002491 -0.000461 0.005190 0.005775
1.660000 0.002394 -0.000538 0.005353 0.005889
1.670000 0.002419 -0.000450 0.005450 0.005980
1.680000 0.002512 -0.000271 0.005455 0.006012
1.690000 0.002425 -0.000108 0.005472 0.005986
1.700000 0.002343 -0.000054 0.005382 0.005870
1.710000 0.002359 -0.000051 0.005204 0.005714
1.720000 0.002282 -0.000139 0.005140 0.005625
1.730000 0.002318 -0.000267 0.005146 0.005650
1.740000 0.002492 -0.000356 0.005139 0.005723
1.750000 0.002638 -0.000245 0.005226 0.005859
1.760000 0.002770 -0.000176 0.005220 0.005912
1.770000 0.002962 -0.000262 0.005037 0.005849
1.780000 0.003101 -0.000127 0.005044 0.005922
1.790000 0.003199 -0.000150 0.005122 0.006040
1.800000 0.003286 -0.000421 0.005116 0.006095
1.810000 0.003167 -0.000510 0.005238 0.006142
1.820000 0.003004 -0.000544 0.005433 0.006232
1.830000 0.002987 -0.000545 0.005615 0.006383
1.840000 0.003078 -0.000459 0.005670 0.006468
1.850000 0.003047 -0.000328 0.005671 0.006446
1.860000 0.002873 -0.000230 0.005676 0.006366
1.870000 0.002812 -0.000236 0.005572 0.006246
1.880000 0.002780 -0.000331 0.005477 0.006151
1.890000 0.002687 -0.000512 0.005475 0.006121
1.900000 0.002775 -0.000677 0.005447 0.006150
1.910000 0.002896 -0.000657 0.005538 0.006284
1.920000 0.002980 -0.000479 0.005719 0.006467
1.930000 0.003103 -0.000530 0.005700 0.006511
1.940000 0.003242 -0.000514 0.005698 0.006576
1.950000 0.003324 -0.000335 0.005880 0.006762
1.960000 0.003337 -0.000483 0.005988 0.006872
1.970000 0.003222 -0.000693 0.006063 0.006901
1.980000 0.002922 -0.000774 0.006255 0.006947
1.990000 0.002815 -0.000850 0.006415 0.007057
2.000000 0.002843 -0.000763 0.006515 0.007149
2.010000 0.002955 -0.000581 0.006521 0.007183
2.020000 0.002868 -0.000401 0.006545 0.007157
2.030000 0.002788 -0.000334 0.006458 0.007042
2.040000 0.002809 -0.000328 0.006278 0.006886
2.050000 0.002714 -0.000414 0.006214 0.006794
2.060000 0.002739 -0.000553 0.006219 0.006818
2.070000 0.002913 -0.000661 0.006206 0.006888
2.080000 0.003072 -0.000547 0.006294 0.007025
2.090000 0.003212 -0.000484 0.006287 0.007077
2.100000 0.003407 -0.000586 0.006097 0.007009
2.110000 0.003557 -0.000445 0.006107 0.007081
2.120000 0.003656 -0.000477 0.006183 0.007199
2.130000 0.003728 -0.000770 0.006171 0.007250
2.140000 0.003584 -0.000845 0.006297 0.007294
2.150000 0.003405 -0.000873 0.006496 0.007386
2.160000 0.003380 -0.000877 0.006680 0.007538
2.170000 0.003484 -0.000789 0.006736 0.007625
2.180000 0.003462 -0.000649 0.006738 0.007604
2.190000 0.003288 -0.000531 0.006748 0.007525
2.200000 0.003232 -0.000536 0.006640 0.007404
2.210000 0.003195 -0.000629 0.006542 0.007308
2.220000 0.003083 -0.000812 0.006540 0.007276
2.230000 0.003170 -0.000991 0.006504 0.007303
2.240000 0.003296 -0.000983 0.006593 0.007436
2.250000 0.003391 -0.000804 0.006780 0.007623
2.260000 0.003519 -0.000874 0.006756 0.007668
2.270000 0.003666 -0.000871 0.006751 0.007731
2.280000 0.003761 -0.000696 0.006938 0.007922
2.290000 0.003758 -0.000869 0.007044 0.008031
2.300000 0.003623 -0.001086 0.007113 0.008056
2.310000 0.003299 -0.001152 0.007310 0.008103
2.320000 0.003185 -0.001229 0.007471 0.008214
2.330000 0.003216 -0.001141 0.007576 0.008309
2.340000 0.003347 -0.000959 0.007584 0.008345
2.350000 0.003263 -0.000766 0.007619 0.008323
2.360000 0.003185 -0.000685 0.007534 0.008208
2.370000 0.003212 -0.000678 0.007352 0.008052
2.380000 0.003102 -0.000764 0.007291 0.007960
2.390000 0.003117 -0.000912 0.007290 0.007981
2.400000 0.003291 -0.001038 0.007274 0.008051
2.410000 0.003459 -0.000922 0.007363 0.008187
2.420000 0.003607 -0.000863 0.007356 0.008238
2.430000 0.003810 -0.000979 0.007155 0.008165
2.440000 0.003973 -0.000833 0.007168 0.008238
2.450000 0.004070 -0.000871 0.007244 0.008355
2.460000 0.004123 -0.001184 0.007221 0.008399
2.470000 0.003956 -0.001250 0.007353 0.008443
2.480000 0.003758 -0.001271 0.007558 0.008536
2.490000 0.003729 -0.001278 0.007743 0.008689
2.500000 0.003850 -0.001192 0.007800 0.008779
2.510000 0.003841 -0.001043 0.007808 0.008764
2.520000 0.003669 -0.000907 0.007825 0.008690
2.530000 0.003620 -0.000910 0.007716 0.008572
2.540000 0.003580 -0.001002 0.007614 0.008473
2.550000 0.003450 -0.001187 0.007606 0.008436
2.560000 0.003535 -0.001384 0.007558 0.008458
2.570000 0.003666 -0.001388 0.007644 0.008591
2.580000 0.003774 -0.001212 0.007836 0.008782
2.590000 0.003914 -0.001303 0.007805 0.008828
2.600000 0.004069 -0.001310 0.007795 0.008890
2.610000 0.004177 -0.001131 0.007988 0.009085
2.620000 0.004159 -0.001328 0.008088 0.009191
2.630000 0.004002 -0.001553 0.008153 0.009214
2.640000 0.003651 -0.001610 0.008356 0.009259
2.650000 0.003528 -0.001688 0.008515 0.009370
2.660000 0.003565 -0.001602 0.008622 0.009466
2.670000 0.003713 -0.001418 0.008636 0.009506
2.680000 0.003629 -0.001206 0.008681 0.009486
2.690000 0.003556 -0.001112 0.008601 0.009373
2.700000 0.003589 -0.001098 0.008417 0.009216
2.710000 0.003463 -0.001183 0.008356 0.009122
2.720000 0.003465 -0.001339 0.008352 0.009141
2.730000 0.003639 -0.001484 0.008325 0.009206
2.740000 0.003819 -0.001369 0.008417 0.009344
2.750000 0.003977 -0.001316 0.008413 0.009398
2.760000 0.004187 -0.001444 0.008203 0.009323
2.770000 0.004361 -0.001295 0.008220 0.009395
2.780000 0.004458 -0.001341 0.008292 0.009509
2.790000 0.004492 -0.001676 0.008257 0.009548
2.800000 0.004300 -0.001728 0.008395 0.009589
2.810000 0.004086 -0.001746 0.008602 0.009682
2.820000 0.004046 -0.001758 0.008789 0.009834
2.830000 0.004184 -0.001671 0.008848 0.009929
2.840000 0.004185 -0.001515 0.008861 0.009916
2.850000 0.004010 -0.001359 0.008885 0.009843
2.860000 0.003967 -0.001359 0.008775 0.009725
2.870000 0.003923 -0.001450 0.008668 0.009624
2.880000 0.003776 -0.001637 0.008658 0.009586
2.890000 0.003859 -0.001848 0.008602 0.009607
2.900000 0.003996 -0.001867 0.008686 0.009742
2.910000 0.004113 -0.001693 0.008884 0.009936
2.920000 0.004260 -0.001805 0.008843 0.009980
2.930000 0.004424 -0.001823 0.008830 0.010043
2.940000 0.004541 -0.001647 0.009030 0.010241
2.950000 0.004508 -0.001870 0.009123 0.010346
2.960000 0.004332 -0.002103 0.009183 0.010369
2.970000 0.003957 -0.002148 0.009391 0.010415
2.980000 0.003826 -0.002226 0.009549 0.010525
2.990000 0.003865 -0.002142 0.009663 0.010626
3.000000 0.004032 -0.001957 0.009682 0.010670
3.010000 0.003951 -0.001729 0.009739 0.010651
3.020000 0.003882 -0.001619 0.009663 0.010539
3.030000 0.003924 -0.001601 0.009477 0.010381
3.040000 0.003784 -0.001686 0.009415 0.010286
3.050000 0.003776 -0.001851 0.009404 0.010302
3.060000 0.003950 -0.002013 0.009369 0.010365
3.070000 0.004139 -0.001897 0.009465 0.010503
3.080000 0.004310 -0.001848 0.009457 0.010556
3.090000 0.004525 -0.001988 0.009235 0.010475
3.100000 0.004707 -0.001835 0.009260 0.010548
3.110000 0.004801 -0.001889 0.009329 0.010661
3.120000 0.004818 -0.002243 0.009281 0.010695
3.130000 0.004600 -0.002287 0.009425 0.010734
3.140000 0.004367 -0.002300 0.009639 0.010829
3.150000 0.004322 -0.002317 0.009828 0.010983
3.160000 0.004478 -0.002233 0.009885 0.011079
3.170000 0.004491 -0.002065 0.009906 0.011070
3.180000 0.004318 -0.001892 0.009938 0.010999
3.190000 0.004283 -0.001889 0.009825 0.010884
3.200000 0.004235 -0.001977 0.009715 0.010780
3.210000 0.004069 -0.002163 0.009699 0.010738
3.220000 0.004150 -0.002389 0.009631 0.010756
3.230000 0.004292 -0.002419 0.009712 0.010890
3.240000 0.004419 -0.002250 0.009918 0.011088
3.250000 0.004573 -0.002380 0.009867 0.011133
3.260000 0.004745 -0.002408 0.009849 0.011195
3.270000 0.004874 -0.002237 0.010055 0.011395
3.280000 0.004826 -0.002484 0.010137 0.011499
3.290000 0.004626 -0.002725 0.010192 0.011520
3.300000 0.004224 -0.002760 0.010407 0.011566
3.310000 0.004083 -0.002843 0.010564 0.011677
3.320000 0.004127 -0.002763 0.010679 0.011777
3.330000 0.004312 -0.002578 0.010700 0.011821
3.340000 0.004233 -0.002338 0.010769 0.011805
3.350000 0.004165 -0.002215 0.010700 0.011693
3.360000 0.004213 -0.002191 0.010511 0.011534
3.370000 0.004056 -0.002275 0.010450 0.011438
3.380000 0.004037 -0.002450 0.010431 0.011450
3.390000 0.004211 -0.002630 0.010387 0.011513
3.400000 0.004409 -0.002516 0.010489 0.011653
3.410000 0.004588 -0.002474 0.010482 0.011707
3.420000 0.004813 -0.002630 0.010250 0.011624
3.430000 0.005006 -0.002474 0.010277 0.011696
3.440000 0.005099 -0.002539 0.010343 0.011808
3.450000 0.005098 -0.002910 0.010276 0.011834
3.460000 0.004854 -0.002943 0.010427 0.011872
3.470000 0.004600 -0.002954 0.010645 0.011967
3.480000 0.004547 -0.002978 0.010833 0.012121
3.490000 0.004714 -0.002893 0.010891 0.012215
3.500000 0.004739 -0.002718 0.010917 0.012208
3.510000 0.004568 -0.002527 0.010963 0.012143
3.520000 0.004538 -0.002517 0.010850 0.012027
3.530000 0.004489 -0.002602 0.010734 0.011923
3.540000 0.004306 -0.002790 0.010714 0.011879
3.550000 0.004386 -0.003031 0.010631 0.011893
3.560000 0.004532 -0.003074 0.010709 0.012028
3.570000 0.004669 -0.002910 0.010921 0.012228
3.580000 0.004830 -0.003060 0.010861 0.012274
3.590000 0.005011 -0.003097 0.010839 0.012337
3.600000 0.005149 -0.002934 0.011050 0.012539
3.610000 0.005084 -0.003203 0.011120 0.012640
3.620000 0.004865 -0.003449 0.011164 0.012657
3.630000 0.004437 -0.003472 0.011386 0.012703
3.640000 0.004285 -0.003557 0.011542 0.012815
3.650000 0.004330 -0.003478 0.011659 0.012914
3.660000 0.004532 -0.003291 0.011690 0.012962
3.670000 0.004454 -0.003034 0.011775 0.012949
3.680000 0.004389 -0.002895 0.011711 0.012838
3.690000 0.004448 -0.002863 0.011523 0.012679
3.700000 0.004275 -0.002946 0.011460 0.012581
3.710000 0.004246 -0.003127 0.011433 0.012591
3.720000 0.004419 -0.003325 0.011378 0.012651
3.730000 0.004626 -0.003212 0.011483 0.012790
3.740000 0.004814 -0.003174 0.011476 0.012843
3.750000 0.005047 -0.003338 0.011229 0.012755
3.760000 0.005251 -0.003180 0.011263 0.012827
3.770000 0.005344 -0.003255 0.011327 0.012940
3.780000 0.005324 -0.003646 0.011240 0.012961
3.790000 0.005056 -0.003671 0.011398 0.012998
3.800000 0.004783 -0.003680 0.011622 0.013095
3.810000 0.004722 -0.003712 0.011812 0.013251
3.820000 0.004908 -0.003629 0.011872 0.013349
3.830000 0.004945 -0.003446 0.011907 0.013345
3.840000 0.004772 -0.003238 0.011965 0.013282
3.850000 0.004751 -0.003224 0.011850 0.013167
3.860000 0.004699 -0.003306 0.011730 0.013062
3.870000 0.004500 -0.003498 0.011701 0.013016
3.880000 0.004578 -0.003751 0.011604 0.013026
3.890000 0.004726 -0.003807 0.011677 0.013160
3.900000 0.004873 -0.003650 0.011898 0.013365
3.910000 0.005041 -0.003816 0.011825 0.013409
3.920000 0.005233 -0.003862 0.011797 0.013471
3.930000 0.005378 -0.003703 0.012015 0.013675
3.940000 0.005299 -0.003995 0.012071 0.013775
3.950000 0.005059 -0.004248 0.012107 0.013792
3.960000 0.004605 -0.004264 0.012335 0.013840
3.970000 0.004444 -0.004355 0.012487 0.013951
3.980000 0.004490 -0.004281 0.012610 0.014053
3.990000 0.004710 -0.004093 0.012647 0.014103
4.000000 0.004634 -0.003822 0.012746 0.014090
4.010000 0.004575 -0.003673 0.012691 0.013982
4.020000 0.004643 -0.003636 0.012504 0.013825
4.030000 0.004455 -0.003716 0.012439 0.013725
4.040000 0.004415 -0.003905 0.012403 0.013733
4.050000 0.004590 -0.004122 0.012333 0.013790
4.060000 0.004806 -0.004012 0.012444 0.013930
4.070000 0.005005 -0.003981 0.012435 0.013983
4.080000 0.005247 -0.004154 0.012176 0.013894
4.090000 0.005460 -0.003999 0.012219 0.013968
4.100000 0.005550 -0.004082 0.012276 0.014077
4.110000 0.005513 -0.004489 0.012169 0.014093
4.120000 0.005217 -0.004506 0.012332 0.014129
4.130000 0.004925 -0.004513 0.012561 0.014227
4.140000 0.004854 -0.004551 0.012752 0.014384
4.150000 0.005056 -0.004468 0.012814 0.014482
4.160000 0.005102 -0.004278 0.012860 0.014481
4.170000 0.004930 -0.004052 0.012931 0.014420
4.180000 0.004917 -0.004030 0.012816 0.014306
4.190000 0.004865 -0.004105 0.012694 0.014201
4.200000 0.004647 -0.004296 0.012657 0.014151
4.210000 0.004723 -0.004561 0.012545 0.014159
4.220000 0.004875 -0.004633 0.012613 0.014294
4.230000 0.005034 -0.004483 0.012840 0.014502
4.240000 0.005212 -0.004662 0.012753 0.014545
4.250000 0.005412 -0.004719 0.012719 0.014606
4.260000 0.005570 -0.004568 0.012946 0.014815
4.270000 0.005476 -0.004884 0.012985 0.014915
4.280000 0.005212 -0.005144 0.013007 0.014927
4.290000 0.004730 -0.005152 0.013242 0.014975
4.300000 0.004559 -0.005246 0.013391 0.015087
4.310000 0.004609 -0.005178 0.013518 0.015192
4.320000 0.004848 -0.004990 0.013564 0.015244
4.330000 0.004775 -0.004706 0.013682 0.015236
4.340000 0.004718 -0.004541 0.013638 0.015128
4.350000 0.004793 -0.004494 0.013451 0.014970
4.360000 0.004590 -0.004572 0.013384 0.014870
4.370000 0.004539 -0.004768 0.013338 0.014874
4.380000 0.004713 -0.004998 0.013253 0.014928
4.390000 0.004935 -0.004896 0.013367 0.015066
4.400000 0.005140 -0.004873 0.013356 0.015118
4.410000 0.005391 -0.005054 0.013083 0.015025
4.420000 0.005612 -0.004899 0.013131 0.015097
4.430000 0.005700 -0.004993 0.013186 0.015208
4.440000 0.005645 -0.005414 0.013054 0.015218
4.450000 0.005324 -0.005424 0.013222 0.015251
4.460000 0.005014 -0.005431 0.013456 0.015353
4.470000 0.004933 -0.005479 0.013644 0.015508
4.480000 0.005149 -0.005400 0.013710 0.015609
4.490000 0.005205 -0.005204 0.013767 0.015611
4.500000 0.005031 -0.004963 0.013853 0.015552
4.510000 0.005026 -0.004936 0.013739 0.015440
4.520000 0.004971 -0.005007 0.013613 0.015333
4.530000 0.004734 -0.005195 0.013569 0.015281
4.540000 0.004811 -0.005473 0.013439 0.015288
4.550000 0.004966 -0.005561 0.013501 0.015423
4.560000 0.005132 -0.005420 0.013736 0.015633
4.570000 0.005322 -0.005613 0.013633 0.015675
4.580000 0.005530 -0.005678 0.013594 0.015736
4.590000 0.005694 -0.005536 0.013828 0.015947
4.600000 0.005582 -0.005873 0.013849 0.016045
4.610000 0.005296 -0.006139 0.013859 0.016056
4.620000 0.004784 -0.006138 0.014101 0.016106
4.630000 0.004601 -0.006238 0.014246 0.016218
4.640000 0.004650 -0.006175 0.014376 0.016322
4.650000 0.004906 -0.005989 0.014431 0.016377
4.660000 0.004833 -0.005696 0.014568 0.016371
4.670000 0.004780 -0.005517 0.014536 0.016266
4.680000 0.004867 -0.005459 0.014353 0.016108
4.690000 0.004648 -0.005535 0.014283 0.016008
4.700000 0.004587 -0.005735 0.014225 0.016009
4.710000 0.004762 -0.005980 0.014122 0.016058
4.720000 0.004992 -0.005884 0.014242 0.016198
4.730000 0.005207 -0.005868 0.014231 0.016250
4.740000 0.005468 -0.006054 0.013942 0.016153
4.750000 0.005698 -0.005904 0.013997 0.016225
4.760000 0.005784 -0.006006 0.014040 0.016330
4.770000 0.005709 -0.006439 0.013882 0.016333
4.780000 0.005359 -0.006441 0.014053 0.016361
4.790000 0.005027 -0.006448 0.014288 0.016462
4.800000 0.004936 -0.006506 0.014475 0.016620
4.810000 0.005166 -0.006430 0.014545 0.016721
4.820000 0.005234 -0.006229 0.014617 0.016728
4.830000 0.005061 -0.005973 0.014721 0.016674
4.840000 0.005066 -0.005939 0.014609 0.016564
4.850000 0.005010 -0.006004 0.014479 0.016456
4.860000 0.004754 -0.006189 0.014425 0.016401
4.870000 0.004827 -0.006478 0.014276 0.016403
4.880000 0.004987 -0.006579 0.014330 0.016538
4.890000 0.005159 -0.006452 0.014571 0.016750
4.900000 0.005357 -0.006659 0.014455 0.016793
4.910000 0.005575 -0.006734 0.014408 0.016853
4.920000 0.005749 -0.006607 0.014650 0.017068
4.930000 0.005620 -0.006962 0.014646 0.017163
4.940000 0.005313 -0.007231 0.014640 0.017171
4.950000 0.004778 -0.007225 0.014887 0.017223
4.960000 0.004582 -0.007331 0.015027 0.017336
4.970000 0.004634 -0.007275 0.015158 0.017441
4.980000 0.004910 -0.007094 0.015223 0.017498
4.990000 0.004837 -0.006788 0.015382 0.017495
5.000000 0.004789 -0.006596 0.015361 0.017390
5.010000 0.004886 -0.006528 0.015180 0.017231
5.020000 0.004648 -0.006600 0.015106 0.017127
5.030000 0.004576 -0.006806 0.015036 0.017128
5.040000 0.004749 -0.007067 0.014915 0.017174
5.050000 0.004990 -0.006980 0.015038 0.017314
5.060000 0.005214 -0.006972 0.015028 0.017367
5.070000 0.005485 -0.007160 0.014722 0.017265
5.080000 0.005724 -0.007015 0.014787 0.017339
5.090000 0.005806 -0.007129 0.014823 0.017443
5.100000 0.005715 -0.007575 0.014634 0.017442
5.110000 0.005340 -0.007571 0.014814 0.017473
5.120000 0.004987 -0.007580 0.015053 0.017576
5.130000 0.004888 -0.007650 0.015234 0.017734
5.140000 0.005135 -0.007578 0.015310 0.017838
5.150000 0.005211 -0.007373 0.015391 0.017844
5.160000 0.005037 -0.007105 0.015520 0.017796
5.170000 0.005051 -0.007060 0.015410 0.017687
5.180000 0.004991 -0.007120 0.015275 0.017577
5.190000 0.004716 -0.007301 0.015212 0.017520
5.200000 0.004790 -0.007599 0.015041 0.017519
5.210000 0.004952 -0.007713 0.015085 0.017652
5.220000 0.005134 -0.007601 0.015334 0.017868
5.230000 0.005342 -0.007818 0.015200 0.017908
5.240000 0.005568 -0.007904 0.015145 0.017968
5.250000 0.005749 -0.007788 0.015392 0.018183
5.260000 0.005605 -0.008160 0.015362 0.018276
5.270000 0.005275 -0.008432 0.015343 0.018285
5.280000 0.004711 -0.008420 0.015595 0.018338
5.290000 0.004506 -0.008530 0.015727 0.018451
5.300000 0.004561 -0.008482 0.015865 0.018559
5.310000 0.004856 -0.008305 0.015939 0.018618
5.320000 0.004785 -0.007991 0.016120 0.018617
5.330000 0.004740 -0.007785 0.016114 0.018513
5.340000 0.004844 -0.007709 0.015938 0.018355
5.350000 0.004593 -0.007775 0.015860 0.018251
5.360000 0.004510 -0.007985 0.015774 0.018246
5.370000 0.004683 -0.008258 0.015632 0.018289
5.380000 0.004930 -0.008181 0.015760 0.018429
5.390000 0.005163 -0.008179 0.015744 0.018478
5.400000 0.005442 -0.008369 0.015422 0.018371
5.410000 0.005690 -0.008228 0.015493 0.018442
5.420000 0.005771 -0.008354 0.015521 0.018547
5.430000 0.005661 -0.008808 0.015301 0.018540
5.440000 0.005260 -0.008798 0.015486 0.018571
5.450000 0.004889 -0.008810 0.015725 0.018676
5.460000 0.004780 -0.008887 0.015903 0.018835
5.470000 0.005044 -0.008820 0.015981 0.018938
5.480000 0.005132 -0.008613 0.016079 0.018949
5.490000 0.004960 -0.008334 0.016225 0.018903
5.500000 0.004980 -0.008281 0.016120 0.018794
5.510000 0.004917 -0.008330 0.015985 0.018684
5.520000 0.004624 -0.008507 0.015911 0.018625
5.530000 0.004695 -0.008814 0.015718 0.018622
5.540000 0.004862 -0.008944 0.015753 0.018756
5.550000 0.005053 -0.008847 0.016005 0.018973
5.560000 0.005270 -0.009071 0.015854 0.019011
5.570000 0.005506 -0.009164 0.015789 0.019068
5.580000 0.005697 -0.009064 0.016042 0.019286
5.590000 0.005536 -0.009450 0.015985 0.019377
5.600000 0.005185 -0.009724 0.015947 0.019384
5.610000 0.004595 -0.009705 0.016205 0.019440
5.620000 0.004379 -0.009822 0.016331 0.019554
5.630000 0.004437 -0.009782 0.016468 0.019661
5.640000 0.004749 -0.009610 0.016553 0.019721
5.650000 0.004680 -0.009287 0.016756 0.019721
5.660000 0.004641 -0.009070 0.016765 0.019618
5.670000 0.004753 -0.008983 0.016594 0.019458
5.680000 0.004486 -0.009044 0.016511 0.019353
5.690000 0.004393 -0.009256 0.016410 0.019346
5.700000 0.004569 -0.009540 0.016247 0.019387
5.710000 0.004826 -0.009472 0.016377 0.019524
5.720000 0.005068 -0.009477 0.016360 0.019575
5.730000 0.005359 -0.009670 0.016022 0.019466
5.740000 0.005615 -0.009538 0.016098 0.019536
5.750000 0.005694 -0.009670 0.016116 0.019638
5.760000 0.005565 -0.010128 0.015862 0.019625
5.770000 0.005136 -0.010113 0.016052 0.019655
5.780000 0.004744 -0.010125 0.016291 0.019759
5.790000 0.004626 -0.010213 0.016461 0.019917
5.800000 0.004906 -0.010152 0.016543 0.020020
5.810000 0.005006 -0.009944 0.016657 0.020035
5.820000 0.004832 -0.009652 0.016828 0.019992
5.830000 0.004860 -0.009591 0.016727 0.019885
5.840000 0.004795 -0.009633 0.016591 0.019775
5.850000 0.004485 -0.009803 0.016507 0.019715
5.860000 0.004555 -0.010116 0.016289 0.019708
5.870000 0.004724 -0.010261 0.016310 0.019840
5.880000 0.004924 -0.010180 0.016568 0.020059
5.890000 0.005152 -0.010412 0.016398 0.020096
5.900000 0.005397 -0.010512 0.016324 0.020152
5.910000 0.005598 -0.010429 0.016579 0.020371
5.920000 0.005424 -0.010828 0.016491 0.020460
5.930000 0.005053 -0.011102 0.016433 0.020465
5.940000 0.004433 -0.011079 0.016700 0.020525
5.950000 0.004205 -0.011203 0.016819 0.020641
5.960000 0.004264 -0.011174 0.016957 0.020750
5.970000 0.004595 -0.011008 0.017053 0.020811
5.980000 0.004528 -0.010682 0.017283 0.020816
5.990000 0.004490 -0.010454 0.017310 0.020715
6.000000 0.004611 -0.010356 0.017148 0.020556
6.010000 0.004328 -0.010412 0.017062 0.020451
6.020000 0.004223 -0.010626 0.016947 0.020443
6.030000 0.004398 -0.010918 0.016759 0.020480
6.040000 0.004661 -0.010863 0.016892 0.020617
6.050000 0.004913 -0.010879 0.016868 0.020665
6.060000 0.005212 -0.011068 0.016512 0.020551
6.070000 0.005478 -0.010944 0.016595 0.020619
6.080000 0.005556 -0.011088 0.016600 0.020721
6.090000 0.005411 -0.011549 0.016311 0.020705
6.100000 0.004957 -0.011528 0.016506 0.020734
6.110000 0.004545 -0.011543 0.016751 0.020845
6.120000 0.004420 -0.011644 0.016915 0.021005
6.130000 0.004716 -0.011588 0.017003 0.021110
6.140000 0.004825 -0.011381 0.017131 0.021125
6.150000 0.004652 -0.011081 0.017327 0.021087
6.160000 0.004690 -0.011010 0.017234 0.020982
6.170000 0.004622 -0.011040 0.017094 0.020867
6.180000 0.004290 -0.011205 0.016998 0.020806
6.190000 0.004359 -0.011521 0.016756 0.020797
6.200000 0.004534 -0.011676 0.016765 0.020927
6.210000 0.004745 -0.011613 0.017025 0.021148
6.220000 0.004981 -0.011849 0.016839 0.021184
6.230000 0.005235 -0.011958 0.016754 0.021238
6.240000 0.005443 -0.011892 0.017013 0.021459
6.250000 0.005253 -0.012299 0.016893 0.021546
6.260000 0.004857 -0.012570 0.016817 0.021550
6.270000 0.004210 -0.012544 0.017091 0.021614
6.280000 0.003974 -0.012676 0.017201 0.021733
6.290000 0.004035 -0.012655 0.017341 0.021844
6.300000 0.004381 -0.012498 0.017448 0.021905
6.310000 0.004317 -0.012170 0.017705 0.021914
6.320000 0.004284 -0.011933 0.017752 0.021815
6.330000 0.004416 -0.011824 0.017595 0.021654
6.340000 0.004116 -0.011871 0.017506 0.021548
6.350000 0.004003 -0.012083 0.017376 0.021539
6.360000 0.004178 -0.012384 0.017164 0.021573
6.370000 0.004451 -0.012343 0.017297 0.021710
6.380000 0.004712 -0.012367 0.017271 0.021758
6.390000 0.005017 -0.012551 0.016897 0.021638
6.400000 0.005294 -0.012439 0.016984 0.021707
6.410000 0.005369 -0.012591 0.016973 0.021805
6.420000 0.005202 -0.013049 0.016646 0.021781
6.430000 0.004722 -0.013021 0.016846 0.021809
6.440000 0.004293 -0.013040 0.017088 0.021919
6.450000 0.004157 -0.013149 0.017241 0.022078
6.460000 0.004469 -0.013104 0.017334 0.022184
6.470000 0.004589 -0.012898 0.017479 0.022202
6.480000 0.004415 -0.012591 0.017701 0.022167
6.490000 0.004463 -0.012513 0.017618 0.022065
6.500000 0.004396 -0.012534 0.017480 0.021953
6.510000 0.004049 -0.012688 0.017373 0.021891
6.520000 0.004114 -0.013007 0.017105 0.021879
6.530000 0.004292 -0.013176 0.017096 0.022007
6.540000 0.004510 -0.013133 0.017357 0.022228
6.550000 0.004753 -0.013373 0.017151 0.022262
6.560000 0.005015 -0.013487 0.017057 0.022316
6.570000 0.005235 -0.013442 0.017317 0.022538
6.580000 0.005028 -0.013855 0.017166 0.022625
6.590000 0.004610 -0.014121 0.017070 0.022628
6.600000 0.003937 -0.014091 0.017349 0.022695
6.610000 0.003691 -0.014226 0.017447 0.022812
6.620000 0.003752 -0.014217 0.017586 0.022924
6.630000 0.004119 -0.014071 0.017703 0.022986
6.640000 0.004056 -0.013742 0.017987 0.022997
6.650000 0.004027 -0.013496 0.018056 0.022900
6.660000 0.004166 -0.013376 0.017911 0.022740
6.670000 0.003851 -0.013416 0.017816 0.022632
6.680000 0.003724 -0.013624 0.017667 0.022619
6.690000 0.003898 -0.013929 0.017430 0.022649
6.700000 0.004179 -0.013902 0.017563 0.022786
6.710000 0.004448 -0.013933 0.017532 0.022832
6.720000 0.004762 -0.014111 0.017144 0.022709
6.730000 0.005048 -0.014011 0.017235 0.022778
6.740000 0.005122 -0.014172 0.017210 0.022875
6.750000 0.004939 -0.014624 0.016848 0.022850
6.760000 0.004433 -0.014591 0.017052 0.022877
6.770000 0.003982 -0.014611 0.017298 0.022990
6.780000 0.003838 -0.014732 0.017442 0.023151
6.790000 0.004167 -0.014697 0.017540 0.023260
6.800000 0.004298 -0.014496 0.017702 0.023280
6.810000 0.004124 -0.014187 0.017953 0.023250
6.820000 0.004177 -0.014102 0.017879 0.023151
6.830000 0.004105 -0.014111 0.017742 0.023038
6.840000 0.003739 -0.014256 0.017623 0.022974
6.850000 0.003802 -0.014574 0.017328 0.022960
6.860000 0.003986 -0.014755 0.017302 0.023086
6.870000 0.004217 -0.014733 0.017561 0.023307
6.880000 0.004470 -0.014977 0.017333 0.023340
6.890000 0.004742 -0.015096 0.017227 0.023392
6.900000 0.004971 -0.015072 0.017488 0.023616
6.910000 0.004748 -0.015486 0.017302 0.023700
6.920000 0.004309 -0.015747 0.017186 0.023705
6.930000 0.003608 -0.015715 0.017472 0.023775
6.940000 0.003351 -0.015858 0.017559 0.023896
6.950000 0.003418 -0.015861 0.017696 0.024008
6.960000 0.003804 -0.015727 0.017824 0.024072
6.970000 0.003743 -0.015396 0.018136 0.024083
6.980000 0.003714 -0.015146 0.018227 0.023988
6.990000 0.003862 -0.015016 0.018094 0.023828
7.000000 0.003531 -0.015048 0.017994 0.023721
7.010000 0.003394 -0.015251 0.017829 0.023706
7.020000 0.003568 -0.015556 0.017561 0.023730
7.030000 0.003859 -0.015546 0.017691 0.023865
7.040000 0.004138 -0.015585 0.017654 0.023910
7.050000 0.004462 -0.015757 0.017248 0.023784
7.060000 0.004758 -0.015669 0.017340 0.023850
7.070000 0.004833 -0.015837 0.017299 0.023946
7.080000 0.004631 -0.016279 0.016897 0.023916
7.090000 0.004099 -0.016245 0.017106 0.023944
7.100000 0.003631 -0.016270 0.017347 0.024059
7.110000 0.003480 -0.016400 0.017478 0.024219
7.120000 0.003824 -0.016374 0.017578 0.024325
7.130000 0.003966 -0.016179 0.017759 0.024349
7.140000 0.003791 -0.015868 0.018038 0.024322
7.150000 0.003850 -0.015774 0.017971 0.024220
7.160000 0.003776 -0.015774 0.017836 0.024107
7.170000 0.003391 -0.015905 0.017710 0.024044
7.180000 0.003453 -0.016221 0.017387 0.024028
7.190000 0.003639 -0.016411 0.017344 0.024153
7.200000 0.003881 -0.016412 0.017602 0.024378
7.210000 0.004142 -0.016653 0.017356 0.024407
7.220000 0.004423 -0.016777 0.017236 0.024456
7.230000 0.004664 -0.016772 0.017494 0.024680
7.240000 0.004427 -0.017184 0.017270 0.024761
7.250000 0.003966 -0.017437 0.017134 0.024766
7.260000 0.003241 -0.017402 0.017427 0.024840
7.270000 0.002976 -0.017549 0.017502 0.024963
7.280000 0.003046 -0.017561 0.017636 0.025074
7.290000 0.003447 -0.017439 0.017772 0.025137
7.300000 0.003389 -0.017115 0.018114 0.025150
7.310000 0.003366 -0.016858 0.018227 0.025055
7.320000 0.003519 -0.016719 0.018107 0.024895
7.330000 0.003171 -0.016739 0.018006 0.024788
7.340000 0.003024 -0.016937 0.017825 0.024774
7.350000 0.003199 -0.017244 0.017528 0.024796
7.360000 0.003498 -0.017246 0.017656 0.024927
7.370000 0.003786 -0.017293 0.017609 0.024969
7.380000 0.004116 -0.017452 0.017185 0.024837
7.390000 0.004423 -0.017376 0.017277 0.024900
7.400000 0.004496 -0.017547 0.017218 0.024991
7.410000 0.004275 -0.017976 0.016776 0.024957
7.420000 0.003718 -0.017936 0.016990 0.024984
7.430000 0.003231 -0.017963 0.017235 0.025103
7.440000 0.003073 -0.018103 0.017352 0.025263
7.450000 0.003432 -0.018089 0.017455 0.025371
7.460000 0.003586 -0.017903 0.017653 0.025397
7.470000 0.003413 -0.017592 0.017962 0.025373
7.480000 0.003480 -0.017490 0.017910 0.025274
7.490000 0.003404 -0.017479 0.017776 0.025161
7.500000 0.003001 -0.017599 0.017642 0.025099
7.510000 0.003062 -0.017910 0.017288 0.025080
7.520000 0.003255 -0.018112 0.017225 0.025206
7.530000 0.003507 -0.018134 0.017478 0.025429
7.540000 0.003774 -0.018372 0.017213 0.025457
7.550000 0.004064 -0.018499 0.017083 0.025506
7.560000 0.004317 -0.018518 0.017337 0.025731
7.570000 0.004063 -0.018924 0.017075 0.025810
7.580000 0.003581 -0.019166 0.016916 0.025813
7.590000 0.002831 -0.019130 0.017216 0.025891
7.600000 0.002557 -0.019282 0.017277 0.026016
7.610000 0.002630 -0.019306 0.017407 0.026128
7.620000 0.003053 -0.019198 0.017552 0.026190
7.630000 0.002995 -0.018881 0.017924 0.026205
7.640000 0.002973 -0.018623 0.018063 0.026114
7.650000 0.003134 -0.018474 0.017957 0.025953
7.660000 0.002772 -0.018482 0.017852 0.025845
7.670000 0.002616 -0.018672 0.017653 0.025829
7.680000 0.002790 -0.018976 0.017323 0.025845
7.690000 0.003101 -0.018997 0.017445 0.025978
7.700000 0.003398 -0.019051 0.017394 0.026020
7.710000 0.003734 -0.019198 0.016955 0.025884
7.720000 0.004051 -0.019137 0.017046 0.025946
7.730000 0.004122 -0.019314 0.016970 0.026038
7.740000 0.003884 -0.019726 0.016489 0.026001
7.750000 0.003303 -0.019685 0.016711 0.026032
7.760000 0.002801 -0.019716 0.016952 0.026152
7.770000 0.002635 -0.019864 0.017054 0.026313
7.780000 0.003011 -0.019862 0.017160 0.026420
7.790000 0.003174 -0.019685 0.017374 0.026447
7.800000 0.003000 -0.019380 0.017715 0.026427
7.810000 0.003072 -0.019273 0.017675 0.026330
7.820000 0.002990 -0.019247 0.017547 0.026216
7.830000 0.002568 -0.019353 0.017402 0.026153
7.840000 0.002629 -0.019654 0.017021 0.026132
7.850000 0.002826 -0.019860 0.016938 0.026255
7.860000 0.003091 -0.019905 0.017185 0.026478
7.870000 0.003362 -0.020138 0.016899 0.026503
7.880000 0.003658 -0.020266 0.016756 0.026549
7.890000 0.003923 -0.020308 0.017003 0.026775
7.900000 0.003652 -0.020706 0.016704 0.026853
7.910000 0.003150 -0.020936 0.016528 0.026859
7.920000 0.002375 -0.020900 0.016836 0.026942
7.930000 0.002094 -0.021055 0.016883 0.027069
7.940000 0.002171 -0.021092 0.017009 0.027182
7.950000 0.002609 -0.020998 0.017162 0.027245
7.960000 0.002552 -0.020691 0.017564 0.027261
7.970000 0.002532 -0.020433 0.017729 0.027171
7.980000 0.002699 -0.020275 0.017637 0.027008
7.990000 0.002320 -0.020271 0.017529 0.026899
8.000000 0.002151 -0.020449 0.017310 0.026878
8.010000 0.002326 -0.020745 0.016953 0.026892
8.020000 0.002649 -0.020781 0.017067 0.027021
8.030000 0.002958 -0.020841 0.017005 0.027060
8.040000 0.003300 -0.020973 0.016552 0.026920
8.050000 0.003630 -0.020925 0.016640 0.026979
8.060000 0.003702 -0.021104 0.016544 0.027070
8.070000 0.003447 -0.021491 0.016022 0.027027
8.080000 0.002844 -0.021448 0.016248 0.027058
8.090000 0.002326 -0.021487 0.016488 0.027184
8.100000 0.002155 -0.021642 0.016575 0.027345
8.110000 0.002547 -0.021653 0.016681 0.027452
8.120000 0.002722 -0.021487 0.016913 0.027480
8.130000 0.002548 -0.021189 0.017284 0.027463
8.140000 0.002624 -0.021077 0.017259 0.027368
8.150000 0.002538 -0.021040 0.017136 0.027254
8.160000 0.002099 -0.021132 0.016984 0.027192
8.170000 0.002155 -0.021422 0.016575 0.027171
8.180000 0.002358 -0.021638 0.016468 0.027294
8.190000 0.002637 -0.021706 0.016707 0.027518
8.200000 0.002915 -0.021934 0.016401 0.027543
8.210000 0.003221 -0.022063 0.016242 0.027586
8.220000 0.003500 -0.022127 0.016480 0.027811
8.230000 0.003214 -0.022512 0.016143 0.027888
8.240000 0.002691 -0.022728 0.015946 0.027894
8.250000 0.001895 -0.022692 0.016262 0.027981
8.260000 0.001608 -0.022851 0.016294 0.028111
8.270000 0.001690 -0.022895 0.016412 0.028221
8.280000 0.002147 -0.022818 0.016572 0.028283
8.290000 0.002092 -0.022526 0.017006 0.028301
8.300000 0.002073 -0.022269 0.017197 0.028212
8.310000 0.002246 -0.022104 0.017123 0.028050
8.320000 0.001851 -0.022088 0.017013 0.027942
8.330000 0.001672 -0.022252 0.016778 0.027919
8.340000 0.001846 -0.022540 0.016390 0.027930
8.350000 0.002182 -0.022591 0.016494 0.028057
8.360000 0.002499 -0.022657 0.016421 0.028093
8.370000 0.002846 -0.022772 0.015952 0.027949
8.380000 0.003190 -0.022738 0.016038 0.028008
8.390000 0.003263 -0.022920 0.015920 0.028096
8.400000 0.002987 -0.023279 0.015360 0.028050
8.410000 0.002360 -0.023235 0.015592 0.028082
8.420000 0.001825 -0.023279 0.015829 0.028210
8.430000 0.001652 -0.023440 0.015899 0.028371
8.440000 0.002060 -0.023464 0.016005 0.028478
8.450000 0.002246 -0.023312 0.016254 0.028507
8.460000 0.002073 -0.023026 0.016658 0.028495
8.470000 0.002153 -0.022910 0.016647 0.028401
8.480000 0.002063 -0.022862 0.016527 0.028286
8.490000 0.001607 -0.022937 0.016368 0.028225
8.500000 0.001663 -0.023212 0.015928 0.028201
8.510000 0.001871 -0.023430 0.015800 0.028321
8.520000 0.002164 -0.023521 0.016028 0.028545
8.530000 0.002447 -0.023737 0.015702 0.028566
8.540000 0.002762 -0.023864 0.015530 0.028606
8.550000 0.003055 -0.023949 0.015758 0.028830
8.560000 0.002754 -0.024316 0.015384 0.028906
8.570000 0.002211 -0.024515 0.015170 0.028913
8.580000 0.001391 -0.024483 0.015493 0.029006
8.590000 0.001099 -0.024644 0.015507 0.029137
8.600000 0.001185 -0.024701 0.015620 0.029250
8.610000 0.001661 -0.024641 0.015788 0.029312
8.620000 0.001607 -0.024363 0.016252 0.029331
8.630000 0.001590 -0.024110 0.016470 0.029241
8.640000 0.001766 -0.023940 0.016414 0.029080
8.650000 0.001355 -0.023911 0.016308 0.028974
8.660000 0.001165 -0.024064 0.016055 0.028952
8.670000 0.001340 -0.024338 0.015635 0.028958
8.680000 0.001687 -0.024404 0.015730 0.029083
8.690000 0.002015 -0.024475 0.015648 0.029120
8.700000 0.002365 -0.024571 0.015164 0.028970
8.710000 0.002720 -0.024554 0.015243 0.029028
8.720000 0.002792 -0.024734 0.015102 0.029115
8.730000 0.002497 -0.025065 0.014506 0.029067
8.740000 0.001847 -0.025020 0.014747 0.029101
8.750000 0.001298 -0.025065 0.014982 0.029231
8.760000 0.001119 -0.025232 0.015035 0.029393
8.770000 0.001544 -0.025271 0.015142 0.029501
8.780000 0.001740 -0.025135 0.015405 0.029531
8.790000 0.001567 -0.024862 0.015840 0.029521
8.800000 0.001651 -0.024742 0.015847 0.029428
8.810000 0.001554 -0.024685 0.015736 0.029316
8.820000 0.001078 -0.024744 0.015571 0.029255
8.830000 0.001132 -0.025002 0.015099 0.029229
8.840000 0.001345 -0.025220 0.014946 0.029347
8.850000 0.001652 -0.025331 0.015162 0.029568
8.860000 0.001940 -0.025536 0.014818 0.029587
8.870000 0.002265 -0.025661 0.014630 0.029625
8.880000 0.002573 -0.025768 0.014845 0.029849
8.890000 0.002257 -0.026116 0.014435 0.029925
8.900000 0.001693 -0.026297 0.014200 0.029934
8.910000 0.000852 -0.026268 0.014530 0.030031
8.920000 0.000554 -0.026430 0.014533 0.030167
8.930000 0.000646 -0.026497 0.014639 0.030279
8.940000 0.001140 -0.026456 0.014809 0.030340
8.950000 0.001089 -0.026202 0.015303 0.030363
8.960000 0.001075 -0.025956 0.015548 0.030276
8.970000 0.001252 -0.025781 0.015508 0.030112
8.980000 0.000825 -0.025736 0.015404 0.030005
8.990000 0.000623 -0.025871 0.015136 0.029980
9.000000 0.000797 -0.026129 0.014683 0.029982
9.010000 0.001159 -0.026212 0.014764 0.030107
9.020000 0.001496 -0.026285 0.014670 0.030139
9.030000 0.001848 -0.026360 0.014174 0.029986
9.040000 0.002218 -0.026354 0.014245 0.030040
9.050000 0.002292 -0.026531 0.014085 0.030125
9.060000 0.001978 -0.026825 0.013454 0.030075
9.070000 0.001307 -0.026779 0.013701 0.030109
9.080000 0.000746 -0.026830 0.013933 0.030242
9.090000 0.000565 -0.027001 0.013966 0.030405
9.100000 0.001006 -0.027054 0.014072 0.030511
9.110000 0.001212 -0.026936 0.014350 0.030544
9.120000 0.001037 -0.026683 0.014816 0.030538
9.130000 0.001123 -0.026562 0.014840 0.030447
9.140000 0.001022 -0.026495 0.014739 0.030336
9.150000 0.000527 -0.026535 0.014569 0.030276
9.160000 0.000580 -0.026773 0.014071 0.030251
9.170000 0.000799 -0.026993 0.013893 0.030368
9.180000 0.001122 -0.027128 0.014095 0.030592
9.190000 0.001413 -0.027318 0.013731 0.030607
9.200000 0.001745 -0.027440 0.013530 0.030645
9.210000 0.002069 -0.027568 0.013732 0.030868
9.220000 0.001736 -0.027888 0.013286 0.030940
9.230000 0.001153 -0.028048 0.013034 0.030950
9.240000 0.000291 -0.028024 0.013373 0.031053
9.250000 -0.000010 -0.028185 0.013357 0.031190
9.260000 0.000089 -0.028263 0.013452 0.031301
9.270000 0.000599 -0.028237 0.013626 0.031359
9.280000 0.000548 -0.028007 0.014149 0.031383
9.290000 0.000534 -0.027772 0.014421 0.031297
9.300000 0.000715 -0.027594 0.014400 0.031133
9.310000 0.000270 -0.027536 0.014295 0.031027
9.320000 0.000058 -0.027653 0.014012 0.031000
9.330000 0.000233 -0.027892 0.013532 0.031002
9.340000 0.000611 -0.027989 0.013599 0.031124
9.350000 0.000958 -0.028064 0.013493 0.031153
9.360000 0.001313 -0.028117 0.012985 0.030998
9.370000 0.001699 -0.028124 0.013047 0.031050
9.380000 0.001773 -0.028295 0.012863 0.031132
9.390000 0.001441 -0.028549 0.012199 0.031080
9.400000 0.000752 -0.028507 0.012455 0.031119
9.410000 0.000177 -0.028565 0.012686 0.031255
9.420000 -0.000003 -0.028737 0.012704 0.031420
9.430000 0.000453 -0.028803 0.012807 0.031525
9.440000 0.000670 -0.028702 0.013099 0.031557
9.450000 0.000496 -0.028469 0.013596 0.031552
9.460000 0.000583 -0.028349 0.013636 0.031463
9.470000 0.000473 -0.028272 0.013542 0.031351
9.480000 -0.000040 -0.028293 0.013367 0.031292
9.490000 0.000012 -0.028505 0.012839 0.031263
9.500000 0.000240 -0.028720 0.012634 0.031377
9.510000 0.000578 -0.028877 0.012820 0.031600
9.520000 0.000873 -0.029049 0.012438 0.031612
9.530000 0.001211 -0.029164 0.012222 0.031645
9.540000 0.001551 -0.029313 0.012408 0.031868
9.550000 0.001204 -0.029605 0.011928 0.031940
9.560000 0.000601 -0.029741 0.011660 0.031951
9.570000 -0.000282 -0.029722 0.012007 0.032057
9.580000 -0.000586 -0.029879 0.011974 0.032194
9.590000 -0.000479 -0.029967 0.012060 0.032306
9.600000 0.000051 -0.029962 0.012236 0.032364
9.610000 -0.000000 -0.029758 0.012789 0.032390
9.620000 -0.000011 -0.029537 0.013086 0.032306
9.630000 0.000169 -0.029357 0.013086 0.032143
9.640000 -0.000293 -0.029287 0.012987 0.032039
9.650000 -0.000516 -0.029386 0.012690 0.032013
9.660000 -0.000342 -0.029601 0.012178 0.032010
9.670000 0.000048 -0.029710 0.012230 0.032129
9.680000 0.000407 -0.029787 0.012108 0.032156
9.690000 0.000764 -0.029814 0.011592 0.031997
9.700000 0.001165 -0.029833 0.011645 0.032047
9.710000 0.001245 -0.029997 0.011439 0.032128
9.720000 0.000895 -0.030207 0.010743 0.032073
9.730000 0.000187 -0.030168 0.011005 0.032113
9.740000 -0.000400 -0.030230 0.011233 0.032252
9.750000 -0.000581 -0.030403 0.011229 0.032416
9.760000 -0.000109 -0.030483 0.011327 0.032520
9.770000 0.000119 -0.030403 0.011633 0.032553
9.780000 -0.000056 -0.030196 0.012161 0.032553
9.790000 0.000030 -0.030077 0.012218 0.032464
9.800000 -0.000088 -0.029991 0.012136 0.032353
9.810000 -0.000619 -0.029994 0.011962 0.032297
9.820000 -0.000569 -0.030178 0.011406 0.032267
9.830000 -0.000336 -0.030386 0.011175 0.032378
9.840000 0.000019 -0.030561 0.011344 0.032599
9.850000 0.000316 -0.030717 0.010948 0.032611
9.860000 0.000662 -0.030827 0.010717 0.032643
9.870000 0.001021 -0.030993 0.010884 0.032865
9.880000 0.000658 -0.031252 0.010371 0.032935
9.890000 0.000035 -0.031367 0.010090 0.032950
9.900000 -0.000866 -0.031356 0.010447 0.033062
9.910000 -0.001172 -0.031513 0.010397 0.033204
9.920000 -0.001059 -0.031608 0.010470 0.033314
9.930000 -0.000508 -0.031622 0.010647 0.033371
9.940000 -0.000555 -0.031448 0.011224 0.033396
9.950000 -0.000569 -0.031243 0.011550 0.033315
9.960000 -0.000386 -0.031062 0.011569 0.033149
9.970000 -0.000865 -0.030974 0.011472 0.033042
9.980000 -0.001099 -0.031053 0.011164 0.033017
9.990000 -0.000927 -0.031242 0.010624 0.033012
10.000000 -0.000517 -0.031366 0.010658 0.033131
10.010000 -0.000146 -0.031440 0.010525 0.033155
10.020000 0.000211 -0.031441 0.009998 0.032993
10.030000 0.000629 -0.031471 0.010040 0.033040
10.040000 0.000713 -0.031625 0.009812 0.033120
10.050000 0.000343 -0.031788 0.009088 0.033064
10.060000 -0.000385 -0.031753 0.009357 0.033105
10.070000 -0.000981 -0.031821 0.009581 0.033247
10.080000 -0.001161 -0.031995 0.009562 0.033414
10.090000 -0.000672 -0.032090 0.009655 0.033517
10.100000 -0.000433 -0.032032 0.009970 0.033551
10.110000 -0.000608 -0.031854 0.010526 0.033553
10.120000 -0.000523 -0.031737 0.010598 0.033464
10.130000 -0.000647 -0.031640 0.010524 0.033351
10.140000 -0.001195 -0.031626 0.010350 0.033298
10.150000 -0.001149 -0.031782 0.009770 0.033270
10.160000 -0.000908 -0.031982 0.009516 0.033380
10.170000 -0.000531 -0.032176 0.009666 0.033601
10.180000 -0.000234 -0.032309 0.009252 0.033609
10.190000 0.000119 -0.032409 0.009005 0.033637
10.200000 0.000495 -0.032592 0.009151 0.033856
10.210000 0.000118 -0.032815 0.008609 0.033926
10.220000 -0.000519 -0.032904 0.008315 0.033943
10.230000 -0.001436 -0.032904 0.008680 0.034060
10.240000 -0.001742 -0.033056 0.008614 0.034205
10.250000 -0.001621 -0.033161 0.008677 0.034315
10.260000 -0.001053 -0.033193 0.008850 0.034369
10.270000 -0.001100 -0.033052 0.009454 0.034395
10.280000 -0.001112 -0.032864 0.009805 0.034314
10.290000 -0.000934 -0.032686 0.009843 0.034148
10.300000 -0.001429 -0.032585 0.009752 0.034043
10.310000 -0.001675 -0.032639 0.009433 0.034016
10.320000 -0.001501 -0.032796 0.008866 0.034007
10.330000 -0.001076 -0.032929 0.008886 0.034123
10.340000 -0.000693 -0.033000 0.008738 0.034144
10.350000 -0.000336 -0.032970 0.008204 0.033977
10.360000 0.000100 -0.033012 0.008234 0.034023
10.370000 0.000186 -0.033153 0.007984 0.034101
10.380000 -0.000201 -0.033268 0.007236 0.034046
10.390000 -0.000946 -0.033239 0.007515 0.034091
10.400000 -0.001552 -0.033314 0.007734 0.034235
10.410000 -0.001730 -0.033484 0.007694 0.034400
10.420000 -0.001224 -0.033593 0.007781 0.034504
10.430000 -0.000974 -0.033558 0.008106 0.034537
10.440000 -0.001149 -0.033413 0.008691 0.034544
10.450000 -0.001064 -0.033301 0.008783 0.034456
10.460000 -0.001197 -0.033199 0.008721 0.034346
10.470000 -0.001764 -0.033163 0.008549 0.034292
10.480000 -0.001718 -0.033283 0.007946 0.034262
10.490000 -0.001471 -0.033472 0.007668 0.034370
10.500000 -0.001074 -0.033681 0.007796 0.034588
10.510000 -0.000776 -0.033791 0.007366 0.034593
10.520000 -0.000414 -0.033881 0.007104 0.034620
10.530000 -0.000016 -0.034079 0.007233 0.034838
10.540000 -0.000408 -0.034262 0.006663 0.034906
10.550000 -0.001064 -0.034324 0.006358 0.034924
10.560000 -0.001999 -0.034337 0.006733 0.035048
10.570000 -0.002306 -0.034483 0.006651 0.035194
10.580000 -0.002176 -0.034593 0.006700 0.035303
10.590000 -0.001590 -0.034644 0.006870 0.035354
10.600000 -0.001636 -0.034539 0.007495 0.035381
10.610000 -0.001652 -0.034372 0.007870 0.035300
10.620000 -0.001472 -0.034195 0.007928 0.035133
10.630000 -0.001985 -0.034082 0.007845 0.035030
10.640000 -0.002239 -0.034111 0.007517 0.035001
10.650000 -0.002063 -0.034236 0.006924 0.034990
10.660000 -0.001616 -0.034376 0.006924 0.035103
10.670000 -0.001224 -0.034445 0.006766 0.035125
10.680000 -0.000871 -0.034386 0.006226 0.034956
10.690000 -0.000419 -0.034435 0.006243 0.034999
10.700000 -0.000330 -0.034562 0.005974 0.035076
10.710000 -0.000735 -0.034623 0.005204 0.035019
10.720000 -0.001497 -0.034603 0.005494 0.035068
10.730000 -0.002111 -0.034686 0.005712 0.035216
10.740000 -0.002288 -0.034853 0.005651 0.035382
10.750000 -0.001765 -0.034975 0.005729 0.035485
10.760000 -0.001504 -0.034967 0.006063 0.035521
10.770000 -0.001678 -0.034855 0.006670 0.035527
10.780000 -0.001595 -0.034749 0.006776 0.035440
10.790000 -0.001738 -0.034641 0.006728 0.035331
10.800000 -0.002324 -0.034588 0.006560 0.035281
10.810000 -0.002278 -0.034671 0.005933 0.035249
10.820000 -0.002022 -0.034845 0.005629 0.035355
10.830000 -0.001606 -0.035069 0.005735 0.035571
10.840000 -0.001308 -0.035153 0.005292 0.035574
10.850000 -0.000940 -0.035231 0.005017 0.035598
10.860000 -0.000521 -0.035445 0.005122 0.035817
10.870000 -0.000930 -0.035586 0.004528 0.035884
10.880000 -0.001604 -0.035621 0.004215 0.035905
10.890000 -0.002553 -0.035648 0.004600 0.036034
10.900000 -0.002858 -0.035789 0.004502 0.036184
10.910000 -0.002722 -0.035904 0.004543 0.036292
10.920000 -0.002119 -0.035972 0.004707 0.036341
10.930000 -0.002164 -0.035905 0.005354 0.036366
10.940000 -0.002179 -0.035762 0.005750 0.036287
10.950000 -0.002005 -0.035591 0.005826 0.036120
10.960000 -0.002533 -0.035464 0.005750 0.036016
10.970000 -0.002799 -0.035469 0.005415 0.035989
10.980000 -0.002624 -0.035558 0.004799 0.035976
10.990000 -0.002160 -0.035703 0.004778 0.036086
11.000000 -0.001758 -0.035765 0.004604 0.036103
11.010000 -0.001408 -0.035672 0.004061 0.035930
11.020000 -0.000935 -0.035726 0.004062 0.035968
11.030000 -0.000841 -0.035835 0.003773 0.036043
11.040000 -0.001265 -0.035839 0.002985 0.035986
11.050000 -0.002041 -0.035828 0.003281 0.036036
11.060000 -0.002664 -0.035918 0.003497 0.036186
11.070000 -0.002837 -0.036080 0.003418 0.036353
11.080000 -0.002297 -0.036214 0.003488 0.036454
11.090000 -0.002028 -0.036232 0.003827 0.036490
11.100000 -0.002201 -0.036161 0.004456 0.036501
11.110000 -0.002122 -0.036063 0.004580 0.036415
11.120000 -0.002274 -0.035949 0.004543 0.036307
11.130000 -0.002878 -0.035876 0.004381 0.036257
11.140000 -0.002835 -0.035922 0.003736 0.036227
11.150000 -0.002568 -0.036080 0.003408 0.036332
11.160000 -0.002131 -0.036317 0.003491 0.036547
11.170000 -0.001836 -0.036375 0.003036 0.036548
11.180000 -0.001461 -0.036437 0.002751 0.036570
11.190000 -0.001021 -0.036662 0.002835 0.036786
11.200000 -0.001444 -0.036756 0.002218 0.036851
11.210000 -0.002134 -0.036763 0.001900 0.036874
11.220000 -0.003098 -0.036806 0.002290 0.037007
11.230000 -0.003401 -0.036940 0.002177 0.037160
11.240000 -0.003250 -0.037060 0.002203 0.037267
11.250000 -0.002627 -0.037147 0.002363 0.037315
11.260000 -0.002668 -0.037122 0.003027 0.037341
11.270000 -0.002686 -0.037005 0.003444 0.037262
11.280000 -0.002514 -0.036840 0.003537 0.037095
11.290000 -0.003061 -0.036703 0.003472 0.036994
11.300000 -0.003336 -0.036683 0.003132 0.036968
11.310000 -0.003163 -0.036731 0.002494 0.036952
11.320000 -0.002679 -0.036882 0.002455 0.037060
11.330000 -0.002266 -0.036938 0.002270 0.037077
11.340000 -0.001920 -0.036811 0.001723 0.036902
11.350000 -0.001426 -0.036873 0.001711 0.036941
11.360000 -0.001326 -0.036966 0.001404 0.037016
11.370000 -0.001771 -0.036912 0.000602 0.036959
11.380000 -0.002563 -0.036912 0.000904 0.037012
11.390000 -0.003192 -0.037010 0.001117 0.037164
11.400000 -0.003362 -0.037168 0.001020 0.037334
11.410000 -0.002804 -0.037312 0.001080 0.037433
11.420000 -0.002523 -0.037354 0.001425 0.037467
11.430000 -0.002697 -0.037322 0.002074 0.037476
11.440000 -0.002623 -0.037233 0.002211 0.037391
11.450000 -0.002786 -0.037116 0.002184 0.037284
11.460000 -0.003408 -0.037026 0.002027 0.037238
11.470000 -0.003364 -0.037028 0.001367 0.037206
11.480000 -0.003089 -0.037164 0.001018 0.037306
11.490000 -0.002628 -0.037412 0.001079 0.037520
11.500000 -0.002336 -0.037441 0.000613 0.037519
11.510000 -0.001954 -0.037484 0.000314 0.037536
11.520000 -0.001491 -0.037718 0.000374 0.037750
11.530000 -0.001928 -0.037767 -0.000262 0.037817
11.540000 -0.002636 -0.037748 -0.000586 0.037844
11.550000 -0.003613 -0.037810 -0.000188 0.037982
11.560000 -0.003912 -0.037935 -0.000314 0.038138
11.570000 -0.003754 -0.038060 -0.000300 0.038245
11.580000 -0.003114 -0.038162 -0.000148 0.038289
11.590000 -0.003155 -0.038182 0.000533 0.038316
11.600000 -0.003176 -0.038094 0.000969 0.038239
11.610000 -0.003009 -0.037937 0.001080 0.038071
11.620000 -0.003572 -0.037788 0.001023 0.037970
11.630000 -0.003860 -0.037741 0.000675 0.037943
11.640000 -0.003687 -0.037747 0.000020 0.037927
11.650000 -0.003181 -0.037899 -0.000038 0.038033
11.660000 -0.002756 -0.037944 -0.000235 0.038045
11.670000 -0.002413 -0.037782 -0.000783 0.037867
11.680000 -0.001902 -0.037847 -0.000807 0.037904
11.690000 -0.001793 -0.037919 -0.001132 0.037978
11.700000 -0.002254 -0.037805 -0.001943 0.037922
11.710000 -0.003059 -0.037820 -0.001631 0.037979
11.720000 -0.003694 -0.037929 -0.001420 0.038135
11.730000 -0.003856 -0.038078 -0.001530 0.038303
11.740000 -0.003284 -0.038233 -0.001483 0.038402
11.750000 -0.002991 -0.038305 -0.001135 0.038438
11.760000 -0.003167 -0.038319 -0.000469 0.038452
11.770000 -0.003098 -0.038240 -0.000319 0.038367
11.780000 -0.003271 -0.038120 -0.000334 0.038262
11.790000 -0.003911 -0.038013 -0.000485 0.038217
11.800000 -0.003871 -0.037970 -0.001158 0.038185
11.810000 -0.003586 -0.038086 -0.001529 0.038285
11.820000 -0.003103 -0.038340 -0.001493 0.038494
11.830000 -0.002814 -0.038339 -0.001967 0.038492
11.840000 -0.002426 -0.038367 -0.002276 0.038511
11.850000 -0.001937 -0.038609 -0.002239 0.038722
11.860000 -0.002391 -0.038606 -0.002887 0.038788
11.870000 -0.003114 -0.038559 -0.003212 0.038818
11.880000 -0.004105 -0.038642 -0.002809 0.038961
11.890000 -0.004400 -0.038760 -0.002947 0.039120
11.900000 -0.004229 -0.038888 -0.002944 0.039228
11.910000 -0.003571 -0.039008 -0.002798 0.039271
11.920000 -0.003609 -0.039075 -0.002106 0.039298
11.930000 -0.003629 -0.039018 -0.001655 0.039221
11.940000 -0.003468 -0.038867 -0.001527 0.039052
11.950000 -0.004049 -0.038707 -0.001572 0.038950
11.960000 -0.004347 -0.038633 -0.001920 0.038924
11.970000 -0.004175 -0.038593 -0.002590 0.038905
11.980000 -0.003648 -0.038748 -0.002666 0.039010
11.990000 -0.003208 -0.038783 -0.002874 0.039022
12.000000 -0.002874 -0.038584 -0.003419 0.038842
12.010000 -0.002339 -0.038650 -0.003457 0.038874
12.020000 -0.002225 -0.038700 -0.003796 0.038950
12.030000 -0.002704 -0.038526 -0.004612 0.038896
12.040000 -0.003521 -0.038559 -0.004293 0.038956
12.050000 -0.004160 -0.038677 -0.004088 0.039114
12.060000 -0.004316 -0.038815 -0.004217 0.039281
12.070000 -0.003725 -0.038979 -0.004180 0.039379
12.080000 -0.003420 -0.039074 -0.003832 0.039410
12.090000 -0.003595 -0.039135 -0.003154 0.039426
12.100000 -0.003528 -0.039068 -0.002991 0.039341
12.110000 -0.003710 -0.038945 -0.002993 0.039236
12.120000 -0.004370 -0.038824 -0.003136 0.039194
12.130000 -0.004332 -0.038736 -0.003821 0.039164
12.140000 -0.004038 -0.038826 -0.004210 0.039261
12.150000 -0.003529 -0.039087 -0.004199 0.039470
12.160000 -0.003241 -0.039051 -0.004681 0.039464
12.170000 -0.002846 -0.039058 -0.005001 0.039480
12.180000 -0.002332 -0.039304 -0.004987 0.039688
12.190000 -0.002802 -0.039250 -0.005648 0.039753
12.200000 -0.003540 -0.039175 -0.005974 0.039785
12.210000 -0.004542 -0.039284 -0.005563 0.039935
12.220000 -0.004831 -0.039390 -0.005714 0.040095
12.230000 -0.004651 -0.039517 -0.005723 0.040199
12.240000 -0.003974 -0.039648 -0.005587 0.040236
12.250000 -0.004010 -0.039761 -0.004884 0.040260
12.260000 -0.004038 -0.039735 -0.004419 0.040184
12.270000 -0.003884 -0.039595 -0.004279 0.040015
12.280000 -0.004482 -0.039427 -0.004312 0.039914
12.290000 -0.004790 -0.039325 -0.004658 0.039889
12.300000 -0.004615 -0.039240 -0.005339 0.039870
12.310000 -0.004064 -0.039394 -0.005434 0.039974
12.320000 -0.003615 -0.039416 -0.005654 0.039983
12.330000 -0.003287 -0.039175 -0.006195 0.039798
12.340000 -0.002731 -0.039241 -0.006247 0.039829
12.350000 -0.002608 -0.039266 -0.006597 0.039902
12.360000 -0.003107 -0.039030 -0.007417 0.039850
