0.010000 0.000000 -0.000001 0.000096 0.000096
0.020000 0.000035 0.000085 0.000183 0.000205
0.030000 0.000037 0.000259 0.000184 0.000320
0.040000 -0.000058 0.000341 0.000165 0.000383
0.050000 -0.000146 0.000374 0.000073 0.000408
0.060000 -0.000146 0.000370 -0.000102 0.000411
0.070000 -0.000134 0.000272 -0.000181 0.000353
0.080000 -0.000045 0.000186 -0.000214 0.000287
0.090000 0.000129 0.000188 -0.000211 0.000311
0.100000 0.000204 0.000298 -0.000128 0.000383
0.110000 0.000325 0.000352 -0.000094 0.000488
0.120000 0.000501 0.000352 -0.000261 0.000666
0.130000 0.000561 0.000465 -0.000259 0.000773
0.140000 0.000613 0.000435 -0.000135 0.000764
0.150000 0.000790 0.000262 -0.000126 0.000841
0.160000 0.000784 0.000106 -0.000002 0.000791
0.170000 0.000731 -0.000008 0.000176 0.000752
0.180000 0.000732 -0.000000 0.000349 0.000811
0.190000 0.000747 0.000093 0.000420 0.000862
0.200000 0.000664 0.000183 0.000377 0.000785
0.210000 0.000491 0.000190 0.000373 0.000645
0.220000 0.000416 0.000194 0.000277 0.000536
0.230000 0.000449 0.000102 0.000191 0.000499
0.240000 0.000446 -0.000072 0.000198 0.000493
0.250000 0.000544 -0.000153 0.000186 0.000595
0.260000 0.000636 -0.000032 0.000234 0.000678
0.270000 0.000644 0.000149 0.000402 0.000774
0.280000 0.000754 0.000204 0.000397 0.000876
0.290000 0.000811 0.000322 0.000365 0.000945
0.300000 0.000820 0.000501 0.000535 0.001100
0.310000 0.000902 0.000458 0.000639 0.001196
0.320000 0.000924 0.000313 0.000802 0.001262
0.330000 0.000732 0.000157 0.000977 0.001231
0.340000 0.000660 0.000071 0.001149 0.001327
0.350000 0.000701 0.000160 0.001237 0.001431
0.360000 0.000720 0.000335 0.001231 0.001466
0.370000 0.000626 0.000431 0.001216 0.001434
0.380000 0.000540 0.000477 0.001124 0.001336
0.390000 0.000543 0.000472 0.000950 0.001191
0.400000 0.000540 0.000377 0.000879 0.001098
0.410000 0.000616 0.000281 0.000848 0.001085
0.420000 0.000790 0.000265 0.000851 0.001191
0.430000 0.000880 0.000379 0.000927 0.001333
0.440000 0.001011 0.000427 0.000959 0.001458
0.450000 0.001188 0.000407 0.000791 0.001484
0.460000 0.001262 0.000530 0.000788 0.001580
0.470000 0.001314 0.000494 0.000910 0.001673
0.480000 0.001472 0.000301 0.000923 0.001763
0.490000 0.001445 0.000164 0.001051 0.001794
0.500000 0.001377 0.000061 0.001232 0.001849
0.510000 0.001375 0.000069 0.001409 0.001970
0.520000 0.001406 0.000164 0.001471 0.002041
0.530000 0.001333 0.000265 0.001426 0.001970
0.540000 0.001160 0.000288 0.001422 0.001858
0.550000 0.001086 0.000286 0.001325 0.001737
0.560000 0.001114 0.000194 0.001237 0.001676
0.570000 0.001093 0.000017 0.001247 0.001658
0.580000 0.001186 -0.000082 0.001231 0.001712
0.590000 0.001285 0.000031 0.001282 0.001815
0.600000 0.001308 0.000214 0.001449 0.001963
0.610000 0.001423 0.000241 0.001446 0.002043
0.620000 0.001487 0.000347 0.001415 0.002081
0.630000 0.001512 0.000528 0.001583 0.002252
0.640000 0.001578 0.000463 0.001696 0.002363
0.650000 0.001580 0.000308 0.001864 0.002463
0.660000 0.001366 0.000170 0.002044 0.002464
0.670000 0.001290 0.000089 0.002214 0.002564
0.680000 0.001336 0.000179 0.002302 0.002668
0.690000 0.001376 0.000357 0.002295 0.002700
0.700000 0.001283 0.000475 0.002284 0.002662
0.710000 0.001199 0.000531 0.002194 0.002556
0.720000 0.001205 0.000525 0.002017 0.002407
0.730000 0.001185 0.000433 0.001949 0.002322
0.740000 0.001252 0.000332 0.001921 0.002317
0.750000 0.001427 0.000298 0.001926 0.002416
0.760000 0.001530 0.000417 0.002002 0.002554
0.770000 0.001671 0.000459 0.002030 0.002669
0.780000 0.001853 0.000418 0.001859 0.002658
0.790000 0.001940 0.000548 0.001854 0.002739
0.800000 0.001992 0.000501 0.001970 0.002846
0.810000 0.002134 0.000288 0.001985 0.002929
0.820000 0.002084 0.000165 0.002118 0.002976
0.830000 0.002002 0.000076 0.002299 0.003050
0.840000 0.001996 0.000086 0.002477 0.003182
0.850000 0.002045 0.000180 0.002535 0.003262
0.860000 0.001983 0.000290 0.002488 0.003195
0.870000 0.001809 0.000332 0.002483 0.003090
0.880000 0.001738 0.000328 0.002385 0.002969
0.890000 0.001758 0.000233 0.002297 0.002902
0.900000 0.001719 0.000056 0.002307 0.002877
0.910000 0.001811 -0.000057 0.002289 0.002919
0.920000 0.001915 0.000049 0.002345 0.003028
0.930000 0.001954 0.000235 0.002512 0.003191
0.940000 0.002072 0.000238 0.002509 0.003263
0.950000 0.002146 0.000333 0.002478 0.003295
0.960000 0.002185 0.000517 0.002644 0.003469
0.970000 0.002236 0.000430 0.002764 0.003581
0.980000 0.002222 0.000266 0.002936 0.003691
0.990000 0.001985 0.000149 0.003119 0.003700
1.000000 0.001902 0.000069 0.003283 0.003795
1.010000 0.001954 0.000163 0.003372 0.003901
1.020000 0.002011 0.000341 0.003363 0.003934
1.030000 0.001923 0.000474 0.003355 0.003896
1.040000 0.001839 0.000540 0.003267 0.003787
1.050000 0.001852 0.000533 0.003087 0.003639
1.060000 0.001814 0.000442 0.003022 0.003552
1.070000 0.001869 0.000334 0.002996 0.003547
1.080000 0.002045 0.000280 0.003003 0.003644
1.090000 0.002162 0.000404 0.003075 0.003780
1.100000 0.002312 0.000439 0.003099 0.003891
1.110000 0.002496 0.000379 0.002928 0.003866
1.120000 0.002597 0.000518 0.002923 0.003944
1.130000 0.002650 0.000464 0.003039 0.004059
1.140000 0.002772 0.000232 0.003056 0.004133
1.150000 0.002702 0.000127 0.003192 0.004184
1.160000 0.002605 0.000046 0.003375 0.004263
1.170000 0.002592 0.000058 0.003555 0.004399
1.180000 0.002658 0.000151 0.003608 0.004484
1.190000 0.002608 0.000276 0.003560 0.004422
1.200000 0.002435 0.000338 0.003554 0.004321
1.210000 0.002366 0.000332 0.003454 0.004200
1.220000 0.002383 0.000235 0.003364 0.004129
1.230000 0.002325 0.000056 0.003376 0.004099
1.240000 0.002415 -0.000074 0.003355 0.004135
1.250000 0.002525 0.000021 0.003413 0.004245
1.260000 0.002576 0.000211 0.003579 0.004415
1.270000 0.002700 0.000188 0.003577 0.004486
1.280000 0.002781 0.000274 0.003547 0.004516
1.290000 0.002830 0.000463 0.003717 0.004695
1.300000 0.002865 0.000352 0.003844 0.004808
1.310000 0.002829 0.000177 0.004020 0.004918
1.320000 0.002568 0.000077 0.004207 0.004930
1.330000 0.002478 0.000001 0.004371 0.005025
1.340000 0.002534 0.000095 0.004461 0.005132
1.350000 0.002610 0.000276 0.004453 0.005169
1.360000 0.002520 0.000424 0.004450 0.005131
1.370000 0.002439 0.000503 0.004362 0.005022
1.380000 0.002456 0.000495 0.004183 0.004876
1.390000 0.002404 0.000404 0.004124 0.004791
1.400000 0.002450 0.000290 0.004096 0.004782
1.410000 0.002621 0.000217 0.004100 0.004871
1.420000 0.002748 0.000346 0.004172 0.005008
1.430000 0.002908 0.000375 0.004194 0.005118
1.440000 0.003099 0.000293 0.004018 0.005083
1.450000 0.003211 0.000442 0.004012 0.005157
1.460000 0.003265 0.000381 0.004124 0.005274
1.470000 0.003370 0.000129 0.004141 0.005340
1.480000 0.003275 0.000036 0.004283 0.005392
1.490000 0.003161 -0.000033 0.004469 0.005474
1.500000 0.003143 -0.000022 0.004651 0.005613
1.510000 0.003224 0.000070 0.004701 0.005701
1.520000 0.003185 0.000204 0.004653 0.005642
1.530000 0.003011 0.000285 0.004648 0.005546
1.540000 0.002949 0.000280 0.004546 0.005427
1.550000 0.002964 0.000180 0.004454 0.005353
1.560000 0.002889 -0.000003 0.004468 0.005321
1.570000 0.002980 -0.000148 0.004443 0.005352
1.580000 0.003094 -0.000062 0.004506 0.005467
1.590000 0.003158 0.000131 0.004677 0.005645
1.600000 0.003290 0.000083 0.004672 0.005715
1.610000 0.003380 0.000159 0.004645 0.005747
1.620000 0.003442 0.000349 0.004815 0.005929
1.630000 0.003462 0.000214 0.004945 0.006040
1.640000 0.003406 0.000029 0.005123 0.006152
1.650000 0.003123 -0.000057 0.005316 0.006165
1.660000 0.003027 -0.000132 0.005480 0.006262
1.670000 0.003088 -0.000036 0.005574 0.006373
1.680000 0.003181 0.000146 0.005568 0.006415
1.690000 0.003094 0.000313 0.005569 0.006378
1.700000 0.003015 0.000403 0.005483 0.006270
1.710000 0.003039 0.000395 0.005302 0.006124
1.720000 0.002971 0.000303 0.005248 0.006038
1.730000 0.003008 0.000183 0.005225 0.006031
1.740000 0.003182 0.000091 0.005226 0.006119
1.750000 0.003320 0.000226 0.005300 0.006258
1.760000 0.003490 0.000249 0.005319 0.006366
1.770000 0.003690 0.000150 0.005138 0.006327
1.780000 0.003813 0.000308 0.005133 0.006402
1.790000 0.003866 0.000241 0.005243 0.006519
1.800000 0.003953 -0.000036 0.005255 0.006576
1.810000 0.003837 -0.000114 0.005405 0.006629
1.820000 0.003706 -0.000175 0.005595 0.006713
1.830000 0.003682 -0.000165 0.005781 0.006856
1.840000 0.003782 -0.000074 0.005825 0.006945
1.850000 0.003751 0.000071 0.005778 0.006889
1.860000 0.003578 0.000171 0.005776 0.006796
1.870000 0.003523 0.000162 0.005671 0.006678
1.880000 0.003535 0.000059 0.005577 0.006603
1.890000 0.003442 -0.000125 0.005588 0.006565
1.900000 0.003530 -0.000290 0.005559 0.006591
1.910000 0.003648 -0.000214 0.005623 0.006707
1.920000 0.003723 -0.000021 0.005796 0.006889
1.930000 0.003861 -0.000093 0.005784 0.006955
1.940000 0.003960 -0.000028 0.005757 0.006987
1.950000 0.004032 0.000166 0.005931 0.007174
1.960000 0.004037 0.000003 0.006063 0.007285
1.970000 0.003960 -0.000194 0.006242 0.007394
1.980000 0.003650 -0.000264 0.006442 0.007409
1.990000 0.003543 -0.000337 0.006604 0.007502
2.000000 0.003606 -0.000240 0.006701 0.007613
2.010000 0.003718 -0.000055 0.006695 0.007658
2.020000 0.003631 0.000131 0.006701 0.007622
2.030000 0.003555 0.000234 0.006619 0.007516
2.040000 0.003586 0.000227 0.006434 0.007369
2.050000 0.003501 0.000136 0.006382 0.007280
2.060000 0.003526 0.000006 0.006359 0.007271
2.070000 0.003700 -0.000106 0.006356 0.007356
2.080000 0.003848 0.000034 0.006432 0.007495
2.090000 0.004027 0.000051 0.006447 0.007601
2.100000 0.004231 -0.000067 0.006260 0.007556
2.110000 0.004364 0.000100 0.006259 0.007631
2.120000 0.004418 0.000023 0.006365 0.007748
2.130000 0.004489 -0.000280 0.006374 0.007801
2.140000 0.004346 -0.000343 0.006529 0.007850
2.150000 0.004197 -0.000396 0.006722 0.007934
2.160000 0.004163 -0.000387 0.006910 0.008077
2.170000 0.004275 -0.000294 0.006956 0.008170
2.180000 0.004254 -0.000137 0.006908 0.008114
2.190000 0.004079 -0.000016 0.006909 0.008024
2.200000 0.004032 -0.000023 0.006799 0.007905
2.210000 0.004041 -0.000127 0.006703 0.007828
2.220000 0.003929 -0.000313 0.006715 0.007786
2.230000 0.004016 -0.000493 0.006679 0.007809
2.240000 0.004138 -0.000428 0.006746 0.007925
2.250000 0.004222 -0.000231 0.006924 0.008113
2.260000 0.004366 -0.000325 0.006908 0.008179
2.270000 0.004474 -0.000272 0.006881 0.008212
2.280000 0.004557 -0.000079 0.007060 0.008403
2.290000 0.004546 -0.000269 0.007192 0.008513
2.300000 0.004447 -0.000479 0.007367 0.008619
2.310000 0.004112 -0.000533 0.007573 0.008634
2.320000 0.003994 -0.000606 0.007737 0.008728
2.330000 0.004060 -0.000507 0.007839 0.008842
2.340000 0.004191 -0.000320 0.007833 0.008890
2.350000 0.004106 -0.000119 0.007848 0.008859
2.360000 0.004034 -0.000004 0.007768 0.008753
2.370000 0.004073 -0.000011 0.007581 0.008606
2.380000 0.003973 -0.000102 0.007533 0.008517
2.390000 0.003988 -0.000241 0.007507 0.008503
2.400000 0.004161 -0.000371 0.007502 0.008587
2.410000 0.004317 -0.000227 0.007580 0.008726
2.420000 0.004504 -0.000216 0.007592 0.008830
2.430000 0.004718 -0.000350 0.007396 0.008780
2.440000 0.004862 -0.000177 0.007398 0.008854
2.450000 0.004913 -0.000261 0.007503 0.008972
2.460000 0.004965 -0.000584 0.007504 0.009017
2.470000 0.004796 -0.000639 0.007666 0.009065
2.480000 0.004627 -0.000683 0.007863 0.009149
2.490000 0.004586 -0.000677 0.008054 0.009293
2.500000 0.004715 -0.000584 0.008098 0.009389
2.510000 0.004706 -0.000414 0.008057 0.009340
2.520000 0.004534 -0.000275 0.008063 0.009254
2.530000 0.004496 -0.000282 0.007951 0.009138
2.540000 0.004504 -0.000384 0.007850 0.009058
2.550000 0.004374 -0.000575 0.007858 0.009011
2.560000 0.004458 -0.000773 0.007813 0.009028
2.570000 0.004584 -0.000719 0.007880 0.009145
2.580000 0.004679 -0.000523 0.008063 0.009337
2.590000 0.004837 -0.000640 0.008040 0.009405
2.600000 0.004954 -0.000595 0.008012 0.009438
2.610000 0.005047 -0.000398 0.008197 0.009634
2.620000 0.005020 -0.000614 0.008325 0.009741
2.630000 0.004899 -0.000838 0.008498 0.009845
2.640000 0.004534 -0.000882 0.008710 0.009859
2.650000 0.004406 -0.000953 0.008872 0.009952
2.660000 0.004475 -0.000856 0.008977 0.010067
2.670000 0.004623 -0.000666 0.008976 0.010119
2.680000 0.004540 -0.000445 0.009000 0.010090
2.690000 0.004472 -0.000316 0.008925 0.009988
2.700000 0.004520 -0.000317 0.008735 0.009840
2.710000 0.004403 -0.000409 0.008687 0.009748
2.720000 0.004406 -0.000555 0.008660 0.009732
2.730000 0.004580 -0.000706 0.008647 0.009810
2.740000 0.004745 -0.000561 0.008729 0.009951
2.750000 0.004942 -0.000556 0.008741 0.010057
2.760000 0.005166 -0.000704 0.008537 0.010003
2.770000 0.005319 -0.000526 0.008544 0.010078
2.780000 0.005367 -0.000620 0.008644 0.010193
2.790000 0.005401 -0.000968 0.008635 0.010231
2.800000 0.005204 -0.001010 0.008803 0.010276
2.810000 0.005016 -0.001049 0.009002 0.010358
2.820000 0.004962 -0.001047 0.009195 0.010501
2.830000 0.005108 -0.000952 0.009241 0.010602
2.840000 0.005110 -0.000772 0.009204 0.010556
2.850000 0.004935 -0.000610 0.009216 0.010472
2.860000 0.004904 -0.000615 0.009101 0.010357
2.870000 0.004909 -0.000718 0.008995 0.010273
2.880000 0.004762 -0.000911 0.009001 0.010224
2.890000 0.004845 -0.001125 0.008950 0.010239
2.900000 0.004976 -0.001084 0.009019 0.010358
2.910000 0.005078 -0.000889 0.009210 0.010555
2.920000 0.005244 -0.001028 0.009177 0.010620
2.930000 0.005371 -0.000995 0.009149 0.010655
2.940000 0.005471 -0.000799 0.009342 0.010856
2.950000 0.005428 -0.001044 0.009465 0.010961
2.960000 0.005287 -0.001282 0.009634 0.011064
2.970000 0.004896 -0.001312 0.009852 0.011079
2.980000 0.004757 -0.001384 0.010013 0.011172
2.990000 0.004827 -0.001288 0.010125 0.011291
3.000000 0.004994 -0.001095 0.010130 0.011347
3.010000 0.004913 -0.000855 0.010164 0.011321
3.020000 0.004851 -0.000711 0.010093 0.011221
3.030000 0.004910 -0.000708 0.009899 0.011072
3.040000 0.004780 -0.000801 0.009851 0.010979
3.050000 0.004772 -0.000956 0.009819 0.010959
3.060000 0.004946 -0.001126 0.009799 0.011034
3.070000 0.005119 -0.000978 0.009886 0.011175
3.080000 0.005327 -0.000978 0.009894 0.011279
3.090000 0.005559 -0.001142 0.009678 0.011219
3.100000 0.005717 -0.000957 0.009694 0.011295
3.110000 0.005762 -0.001061 0.009789 0.011409
3.120000 0.005778 -0.001431 0.009769 0.011440
3.130000 0.005554 -0.001464 0.009943 0.011483
3.140000 0.005344 -0.001497 0.010147 0.011565
3.150000 0.005283 -0.001500 0.010344 0.011711
3.160000 0.005446 -0.001407 0.010388 0.011813
3.170000 0.005459 -0.001212 0.010359 0.011772
3.180000 0.005286 -0.001031 0.010376 0.011691
3.190000 0.005267 -0.001033 0.010259 0.011578
3.200000 0.005269 -0.001132 0.010149 0.011491
3.210000 0.005103 -0.001327 0.010149 0.011437
3.220000 0.005184 -0.001556 0.010088 0.011448
3.230000 0.005319 -0.001527 0.010159 0.011568
3.240000 0.005428 -0.001334 0.010358 0.011769
3.250000 0.005604 -0.001495 0.010315 0.011834
3.260000 0.005739 -0.001472 0.010285 0.011870
3.270000 0.005847 -0.001278 0.010486 0.012074
3.280000 0.005790 -0.001550 0.010599 0.012177
3.290000 0.005624 -0.001803 0.010764 0.012278
3.300000 0.005204 -0.001823 0.010988 0.012294
3.310000 0.005052 -0.001898 0.011149 0.012386
3.320000 0.005125 -0.001806 0.011263 0.012505
3.330000 0.005311 -0.001611 0.011269 0.012562
3.340000 0.005231 -0.001358 0.011314 0.012539
3.350000 0.005171 -0.001200 0.011250 0.012439
3.360000 0.005239 -0.001191 0.011052 0.012289
3.370000 0.005092 -0.001284 0.011005 0.012194
3.380000 0.005073 -0.001449 0.010967 0.012170
3.390000 0.005248 -0.001639 0.010940 0.012244
3.400000 0.005427 -0.001492 0.011034 0.012387
3.410000 0.005642 -0.001500 0.011042 0.012490
3.420000 0.005886 -0.001681 0.010815 0.012427
3.430000 0.006054 -0.001493 0.010836 0.012502
3.440000 0.006096 -0.001609 0.010926 0.012615
3.450000 0.006094 -0.002000 0.010890 0.012638
3.460000 0.005841 -0.002022 0.011070 0.012679
3.470000 0.005608 -0.002052 0.011276 0.012760
3.480000 0.005537 -0.002060 0.011474 0.012905
3.490000 0.005711 -0.001967 0.011518 0.013006
3.500000 0.005737 -0.001761 0.011495 0.012967
3.510000 0.005565 -0.001560 0.011524 0.012892
3.520000 0.005553 -0.001554 0.011405 0.012780
3.530000 0.005556 -0.001652 0.011290 0.012691
3.540000 0.005372 -0.001849 0.011285 0.012634
3.550000 0.005452 -0.002095 0.011211 0.012642
3.560000 0.005590 -0.002079 0.011284 0.012763
3.570000 0.005706 -0.001890 0.011490 0.012967
3.580000 0.005892 -0.002073 0.011438 0.013032
3.590000 0.006036 -0.002059 0.011408 0.013070
3.600000 0.006151 -0.001872 0.011615 0.013275
3.610000 0.006077 -0.002169 0.011717 0.013376
3.620000 0.005890 -0.002434 0.011871 0.013474
3.630000 0.005441 -0.002440 0.012101 0.013490
3.640000 0.005276 -0.002517 0.012261 0.013583
3.650000 0.005348 -0.002425 0.012379 0.013701
3.660000 0.005550 -0.002229 0.012394 0.013762
3.670000 0.005473 -0.001955 0.012454 0.013743
3.680000 0.005417 -0.001781 0.012396 0.013645
3.690000 0.005499 -0.001765 0.012198 0.013495
3.700000 0.005336 -0.001857 0.012148 0.013398
3.710000 0.005307 -0.002027 0.012104 0.013371
3.720000 0.005480 -0.002237 0.012068 0.013441
3.730000 0.005666 -0.002091 0.012168 0.013584
3.740000 0.005890 -0.002104 0.012172 0.013685
3.750000 0.006145 -0.002295 0.011932 0.013616
3.760000 0.006322 -0.002105 0.011961 0.013691
3.770000 0.006361 -0.002232 0.012048 0.013805
3.780000 0.006341 -0.002647 0.011993 0.013822
3.790000 0.006061 -0.002661 0.012179 0.013862
3.800000 0.005807 -0.002687 0.012389 0.013944
3.810000 0.005724 -0.002704 0.012589 0.014091
3.820000 0.005918 -0.002611 0.012637 0.014196
3.830000 0.005954 -0.002394 0.012623 0.014160
3.840000 0.005781 -0.002173 0.012662 0.014088
3.850000 0.005780 -0.002164 0.012541 0.013977
3.860000 0.005782 -0.002258 0.012420 0.013885
3.870000 0.005583 -0.002461 0.012407 0.013826
3.880000 0.005660 -0.002722 0.012321 0.013829
3.890000 0.005799 -0.002718 0.012392 0.013949
3.900000 0.005923 -0.002536 0.012609 0.014159
3.910000 0.006118 -0.002736 0.012545 0.014223
3.920000 0.006273 -0.002733 0.012512 0.014260
3.930000 0.006393 -0.002550 0.012727 0.014469
3.940000 0.006304 -0.002873 0.012816 0.014568
3.950000 0.006095 -0.003150 0.012961 0.014665
3.960000 0.005618 -0.003148 0.013196 0.014684
3.970000 0.005441 -0.003231 0.013353 0.014776
3.980000 0.005513 -0.003144 0.013476 0.014896
3.990000 0.005733 -0.002946 0.013499 0.014959
4.000000 0.005657 -0.002656 0.013571 0.014941
4.010000 0.005609 -0.002470 0.013523 0.014847
4.020000 0.005702 -0.002448 0.013325 0.014699
4.030000 0.005524 -0.002539 0.013273 0.014599
4.040000 0.005484 -0.002718 0.013221 0.014569
4.050000 0.005659 -0.002948 0.013172 0.014636
4.060000 0.005851 -0.002805 0.013279 0.014779
4.070000 0.006086 -0.002826 0.013280 0.014879
4.080000 0.006353 -0.003029 0.013029 0.014808
4.090000 0.006536 -0.002840 0.013068 0.014885
4.100000 0.006572 -0.002978 0.013146 0.014996
4.110000 0.006534 -0.003412 0.013072 0.015007
4.120000 0.006225 -0.003419 0.013263 0.015045
4.130000 0.005948 -0.003441 0.013475 0.015126
4.140000 0.005852 -0.003464 0.013677 0.015275
4.150000 0.006061 -0.003370 0.013728 0.015380
4.160000 0.006108 -0.003143 0.013726 0.015348
4.170000 0.005936 -0.002902 0.013777 0.015279
4.180000 0.005946 -0.002885 0.013655 0.015170
4.190000 0.005949 -0.002972 0.013532 0.015077
4.200000 0.005729 -0.003173 0.013510 0.015014
4.210000 0.005806 -0.003448 0.013409 0.015014
4.220000 0.005947 -0.003462 0.013481 0.015136
4.230000 0.006080 -0.003287 0.013705 0.015349
4.240000 0.006288 -0.003502 0.013627 0.015411
4.250000 0.006451 -0.003510 0.013592 0.015449
4.260000 0.006581 -0.003335 0.013817 0.015664
4.270000 0.006478 -0.003685 0.013889 0.015762
4.280000 0.006244 -0.003975 0.014020 0.015854
4.290000 0.005735 -0.003964 0.014260 0.015873
4.300000 0.005545 -0.004051 0.014414 0.015966
4.310000 0.005620 -0.003971 0.014542 0.016088
4.320000 0.005859 -0.003772 0.014574 0.016154
4.330000 0.005786 -0.003465 0.014665 0.016142
4.340000 0.005740 -0.003263 0.014628 0.016049
4.350000 0.005844 -0.003230 0.014430 0.015900
4.360000 0.005651 -0.003320 0.014375 0.015799
4.370000 0.005599 -0.003504 0.014315 0.015765
4.380000 0.005774 -0.003752 0.014252 0.015828
4.390000 0.005970 -0.003616 0.014364 0.015970
4.400000 0.006210 -0.003647 0.014361 0.016065
4.410000 0.006488 -0.003859 0.014095 0.015990
4.420000 0.006678 -0.003671 0.014143 0.016065
4.430000 0.006710 -0.003822 0.014216 0.016178
4.440000 0.006655 -0.004273 0.014118 0.016182
4.450000 0.006317 -0.004273 0.014312 0.016218
4.460000 0.006020 -0.004293 0.014527 0.016301
4.470000 0.005912 -0.004327 0.014726 0.016448
4.480000 0.006135 -0.004237 0.014781 0.016555
4.490000 0.006191 -0.004001 0.014792 0.016527
4.500000 0.006018 -0.003742 0.014857 0.016461
4.510000 0.006037 -0.003719 0.014736 0.016354
4.520000 0.006038 -0.003801 0.014608 0.016258
4.530000 0.005801 -0.004002 0.014578 0.016192
4.540000 0.005877 -0.004291 0.014462 0.016190
4.550000 0.006021 -0.004322 0.014531 0.016312
4.560000 0.006159 -0.004156 0.014764 0.016528
4.570000 0.006380 -0.004387 0.014671 0.016589
4.580000 0.006552 -0.004404 0.014634 0.016628
4.590000 0.006686 -0.004239 0.014868 0.016844
4.600000 0.006564 -0.004613 0.014922 0.016942
4.610000 0.006307 -0.004915 0.015039 0.017032
4.620000 0.005765 -0.004894 0.015284 0.017053
4.630000 0.005561 -0.004986 0.015435 0.017147
4.640000 0.005633 -0.004911 0.015566 0.017267
4.650000 0.005889 -0.004714 0.015608 0.017336
4.660000 0.005816 -0.004395 0.015717 0.017326
4.670000 0.005776 -0.004179 0.015694 0.017237
4.680000 0.005893 -0.004134 0.015498 0.017088
4.690000 0.005685 -0.004221 0.015440 0.016986
4.700000 0.005623 -0.004410 0.015369 0.016949
4.710000 0.005799 -0.004676 0.015288 0.017006
4.720000 0.006001 -0.004547 0.015409 0.017150
4.730000 0.006251 -0.004586 0.015404 0.017245
4.740000 0.006542 -0.004805 0.015123 0.017164
4.750000 0.006738 -0.004623 0.015179 0.017239
4.760000 0.006766 -0.004783 0.015239 0.017347
4.770000 0.006690 -0.005250 0.015114 0.017342
4.780000 0.006322 -0.005241 0.015310 0.017373
4.790000 0.006000 -0.005259 0.015523 0.017454
4.800000 0.005879 -0.005305 0.015722 0.017604
4.810000 0.006116 -0.005218 0.015782 0.017712
4.820000 0.006184 -0.004973 0.015809 0.017689
4.830000 0.006012 -0.004697 0.015892 0.017628
4.840000 0.006044 -0.004666 0.015772 0.017523
4.850000 0.006045 -0.004741 0.015640 0.017425
4.860000 0.005789 -0.004939 0.015599 0.017356
4.870000 0.005862 -0.005242 0.015464 0.017349
4.880000 0.006009 -0.005288 0.015530 0.017471
4.890000 0.006150 -0.005137 0.015771 0.017690
4.900000 0.006382 -0.005383 0.015664 0.017750
4.910000 0.006564 -0.005412 0.015624 0.017790
4.920000 0.006705 -0.005262 0.015866 0.018011
4.930000 0.006566 -0.005658 0.015894 0.018104
4.940000 0.006287 -0.005969 0.015992 0.018191
4.950000 0.005720 -0.005941 0.016242 0.018215
4.960000 0.005500 -0.006039 0.016386 0.018309
4.970000 0.005574 -0.005972 0.016520 0.018430
4.980000 0.005850 -0.005779 0.016573 0.018501
4.990000 0.005777 -0.005446 0.016704 0.018495
5.000000 0.005742 -0.005215 0.016693 0.018407
5.010000 0.005872 -0.005158 0.016499 0.018257
5.020000 0.005645 -0.005242 0.016435 0.018151
5.030000 0.005573 -0.005438 0.016353 0.018112
5.040000 0.005746 -0.005721 0.016256 0.018166
5.050000 0.005956 -0.005602 0.016381 0.018309
5.060000 0.006216 -0.005651 0.016375 0.018404
5.070000 0.006518 -0.005874 0.016078 0.018317
5.080000 0.006722 -0.005698 0.016146 0.018394
5.090000 0.006745 -0.005873 0.016196 0.018501
5.100000 0.006653 -0.006355 0.016040 0.018491
5.110000 0.006257 -0.006341 0.016242 0.018525
5.120000 0.005912 -0.006358 0.016458 0.018607
5.130000 0.005780 -0.006417 0.016651 0.018757
5.140000 0.006034 -0.006334 0.016718 0.018868
5.150000 0.006111 -0.006083 0.016755 0.018844
5.160000 0.005936 -0.005791 0.016862 0.018791
5.170000 0.005980 -0.005749 0.016745 0.018687
5.180000 0.005979 -0.005819 0.016607 0.018585
5.190000 0.005704 -0.006012 0.016556 0.018514
5.200000 0.005777 -0.006326 0.016401 0.018504
5.210000 0.005926 -0.006387 0.016460 0.018624
5.220000 0.006074 -0.006253 0.016709 0.018847
5.230000 0.006318 -0.006511 0.016584 0.018903
5.240000 0.006509 -0.006552 0.016540 0.018944
5.250000 0.006654 -0.006415 0.016789 0.019165
5.260000 0.006500 -0.006831 0.016790 0.019256
5.270000 0.006197 -0.007150 0.016873 0.019344
5.280000 0.005598 -0.007113 0.017126 0.019371
5.290000 0.005367 -0.007218 0.017261 0.019464
5.300000 0.005442 -0.007159 0.017402 0.019588
5.310000 0.005737 -0.006970 0.017466 0.019661
5.320000 0.005666 -0.006625 0.017618 0.019657
5.330000 0.005635 -0.006380 0.017622 0.019571
5.340000 0.005776 -0.006314 0.017434 0.019421
5.350000 0.005536 -0.006392 0.017366 0.019315
5.360000 0.005452 -0.006590 0.017269 0.019271
5.370000 0.005625 -0.006889 0.017150 0.019319
5.380000 0.005839 -0.006783 0.017283 0.019463
5.390000 0.006106 -0.006837 0.017269 0.019551
5.400000 0.006420 -0.007065 0.016956 0.019459
5.410000 0.006631 -0.006895 0.017031 0.019534
5.420000 0.006652 -0.007083 0.017071 0.019643
5.430000 0.006540 -0.007577 0.016882 0.019626
5.440000 0.006115 -0.007555 0.017088 0.019659
5.450000 0.005750 -0.007573 0.017301 0.019742
5.460000 0.005606 -0.007641 0.017490 0.019893
5.470000 0.005877 -0.007564 0.017561 0.020003
5.480000 0.005966 -0.007308 0.017618 0.019984
5.490000 0.005793 -0.007002 0.017741 0.019933
5.500000 0.005845 -0.006949 0.017630 0.019831
5.510000 0.005843 -0.007008 0.017491 0.019728
5.520000 0.005549 -0.007197 0.017428 0.019655
5.530000 0.005620 -0.007523 0.017251 0.019641
5.540000 0.005772 -0.007603 0.017305 0.019763
5.550000 0.005927 -0.007485 0.017558 0.019986
5.560000 0.006182 -0.007752 0.017416 0.020041
5.570000 0.006383 -0.007802 0.017365 0.020079
5.580000 0.006537 -0.007682 0.017622 0.020304
5.590000 0.006365 -0.008115 0.017593 0.020394
5.600000 0.006040 -0.008440 0.017654 0.020479
5.610000 0.005412 -0.008395 0.017911 0.020508
5.620000 0.005167 -0.008507 0.018040 0.020604
5.630000 0.005244 -0.008458 0.018180 0.020725
5.640000 0.005556 -0.008275 0.018256 0.020800
5.650000 0.005488 -0.007917 0.018432 0.020797
5.660000 0.005464 -0.007660 0.018453 0.020713
5.670000 0.005614 -0.007582 0.018269 0.020561
5.680000 0.005358 -0.007654 0.018195 0.020453
5.690000 0.005266 -0.007854 0.018083 0.020406
5.700000 0.005442 -0.008167 0.017944 0.020452
5.710000 0.005663 -0.008071 0.018079 0.020593
5.720000 0.005940 -0.008136 0.018063 0.020682
5.730000 0.006267 -0.008366 0.017734 0.020586
5.740000 0.006484 -0.008207 0.017817 0.020660
5.750000 0.006501 -0.008404 0.017843 0.020767
5.760000 0.006371 -0.008904 0.017618 0.020743
5.770000 0.005916 -0.008877 0.017827 0.020775
5.780000 0.005527 -0.008893 0.018038 0.020857
5.790000 0.005372 -0.008973 0.018218 0.021006
5.800000 0.005659 -0.008902 0.018294 0.021117
5.810000 0.005758 -0.008643 0.018369 0.021102
5.820000 0.005585 -0.008322 0.018518 0.021056
5.830000 0.005647 -0.008260 0.018411 0.020955
5.840000 0.005644 -0.008310 0.018271 0.020850
5.850000 0.005333 -0.008491 0.018196 0.020776
5.860000 0.005403 -0.008825 0.017995 0.020758
5.870000 0.005557 -0.008923 0.018038 0.020878
5.880000 0.005718 -0.008824 0.018298 0.021104
5.890000 0.005985 -0.009100 0.018137 0.021156
5.900000 0.006197 -0.009160 0.018081 0.021195
5.910000 0.006358 -0.009060 0.018340 0.021421
5.920000 0.006173 -0.009507 0.018278 0.021508
5.930000 0.005826 -0.009837 0.018316 0.021591
5.940000 0.005166 -0.009786 0.018579 0.021625
5.950000 0.004907 -0.009906 0.018700 0.021723
5.960000 0.004984 -0.009868 0.018841 0.021845
5.970000 0.005315 -0.009692 0.018930 0.021921
5.980000 0.005248 -0.009328 0.019133 0.021924
5.990000 0.005227 -0.009060 0.019174 0.021842
6.000000 0.005388 -0.008969 0.019000 0.021691
6.010000 0.005116 -0.009035 0.018921 0.021583
6.020000 0.005011 -0.009236 0.018796 0.021534
6.030000 0.005186 -0.009561 0.018632 0.021575
6.040000 0.005412 -0.009480 0.018772 0.021716
6.050000 0.005698 -0.009558 0.018746 0.021800
6.060000 0.006037 -0.009786 0.018401 0.021698
6.070000 0.006261 -0.009637 0.018490 0.021771
6.080000 0.006276 -0.009848 0.018501 0.021878
6.090000 0.006129 -0.010352 0.018239 0.021849
6.100000 0.005647 -0.010319 0.018450 0.021881
6.110000 0.005237 -0.010336 0.018664 0.021968
6.120000 0.005072 -0.010429 0.018838 0.022121
6.130000 0.005374 -0.010365 0.018921 0.022233
6.140000 0.005484 -0.010105 0.019014 0.022219
6.150000 0.005312 -0.009772 0.019187 0.022177
6.160000 0.005385 -0.009699 0.019089 0.022079
6.170000 0.005380 -0.009736 0.018946 0.021970
6.180000 0.005048 -0.009912 0.018858 0.021894
6.190000 0.005116 -0.010251 0.018632 0.021872
6.200000 0.005274 -0.010362 0.018666 0.021991
6.210000 0.005445 -0.010283 0.018930 0.022220
6.220000 0.005723 -0.010565 0.018751 0.022270
6.230000 0.005943 -0.010635 0.018687 0.022308
6.240000 0.006110 -0.010555 0.018951 0.022536
6.250000 0.005908 -0.011013 0.018855 0.022620
6.260000 0.005535 -0.011345 0.018870 0.022703
6.270000 0.004847 -0.011287 0.019139 0.022741
6.280000 0.004578 -0.011416 0.019249 0.022843
6.290000 0.004654 -0.011387 0.019393 0.022965
6.300000 0.005002 -0.011221 0.019494 0.023042
6.310000 0.004937 -0.010853 0.019725 0.023049
6.320000 0.004922 -0.010574 0.019788 0.022969
6.330000 0.005095 -0.010471 0.019621 0.022816
6.340000 0.004808 -0.010528 0.019537 0.022707
6.350000 0.004694 -0.010727 0.019397 0.022657
6.360000 0.004869 -0.011062 0.019209 0.022695
6.370000 0.005103 -0.010999 0.019349 0.022834
6.380000 0.005397 -0.011085 0.019319 0.022918
6.390000 0.005744 -0.011310 0.018956 0.022809
6.400000 0.005978 -0.011176 0.019050 0.022881
6.410000 0.005989 -0.011396 0.019041 0.022985
6.420000 0.005821 -0.011900 0.018740 0.022949
6.430000 0.005311 -0.011858 0.018953 0.022979
6.440000 0.004881 -0.011876 0.019161 0.023065
6.450000 0.004704 -0.011980 0.019322 0.023216
6.460000 0.005022 -0.011927 0.019412 0.023330
6.470000 0.005142 -0.011667 0.019524 0.023318
6.480000 0.004968 -0.011325 0.019725 0.023281
6.490000 0.005053 -0.011243 0.019639 0.023187
6.500000 0.005051 -0.011269 0.019497 0.023079
6.510000 0.004703 -0.011433 0.019396 0.023001
6.520000 0.004768 -0.011778 0.019144 0.022977
6.530000 0.004928 -0.011906 0.019162 0.023092
6.540000 0.005105 -0.011849 0.019427 0.023321
6.550000 0.005391 -0.012137 0.019230 0.023370
6.560000 0.005619 -0.012215 0.019160 0.023407
6.570000 0.005795 -0.012158 0.019425 0.023637
6.580000 0.005577 -0.012623 0.019294 0.023722
6.590000 0.005181 -0.012954 0.019285 0.023802
6.600000 0.004465 -0.012890 0.019557 0.023845
6.610000 0.004183 -0.013023 0.019654 0.023945
6.620000 0.004260 -0.013008 0.019796 0.024067
6.630000 0.004628 -0.012854 0.019908 0.024145
6.640000 0.004565 -0.012482 0.020168 0.024154
6.650000 0.004553 -0.012194 0.020255 0.024077
6.660000 0.004737 -0.012078 0.020101 0.023925
6.670000 0.004433 -0.012126 0.020010 0.023814
6.680000 0.004306 -0.012320 0.019853 0.023758
6.690000 0.004480 -0.012663 0.019637 0.023792
6.700000 0.004720 -0.012617 0.019779 0.023930
6.710000 0.005023 -0.012711 0.019741 0.024011
6.720000 0.005380 -0.012931 0.019364 0.023898
6.730000 0.005622 -0.012813 0.019464 0.023971
6.740000 0.005630 -0.013043 0.019436 0.024074
6.750000 0.005446 -0.013542 0.019097 0.024036
6.760000 0.004908 -0.013493 0.019313 0.024065
6.770000 0.004455 -0.013509 0.019521 0.024154
6.780000 0.004267 -0.013627 0.019672 0.024308
6.790000 0.004602 -0.013585 0.019768 0.024423
6.800000 0.004734 -0.013329 0.019900 0.024415
6.810000 0.004559 -0.012982 0.020130 0.024384
6.820000 0.004652 -0.012892 0.020056 0.024292
6.830000 0.004645 -0.012905 0.019915 0.024181
6.840000 0.004278 -0.013058 0.019801 0.024102
6.850000 0.004342 -0.013404 0.019521 0.024075
6.860000 0.004507 -0.013548 0.019525 0.024189
6.870000 0.004695 -0.013515 0.019787 0.024418
6.880000 0.004991 -0.013808 0.019568 0.024464
6.890000 0.005231 -0.013894 0.019489 0.024500
6.900000 0.005415 -0.013861 0.019754 0.024732
6.910000 0.005180 -0.014329 0.019586 0.024814
6.920000 0.004762 -0.014658 0.019552 0.024896
6.930000 0.004016 -0.014589 0.019828 0.024943
6.940000 0.003722 -0.014729 0.019913 0.025047
6.950000 0.003804 -0.014728 0.020052 0.025169
6.960000 0.004190 -0.014588 0.020177 0.025248
6.970000 0.004129 -0.014212 0.020467 0.025257
6.980000 0.004119 -0.013919 0.020579 0.025183
6.990000 0.004312 -0.013792 0.020438 0.025030
7.000000 0.003993 -0.013830 0.020341 0.024920
7.010000 0.003855 -0.014018 0.020168 0.024862
7.020000 0.004029 -0.014365 0.019921 0.024888
7.030000 0.004279 -0.014338 0.020059 0.025025
7.040000 0.004591 -0.014442 0.020013 0.025103
7.050000 0.004959 -0.014658 0.019618 0.024986
7.060000 0.005210 -0.014553 0.019719 0.025055
7.070000 0.005219 -0.014792 0.019671 0.025159
7.080000 0.005015 -0.015282 0.019289 0.025115
7.090000 0.004451 -0.015231 0.019507 0.025145
7.100000 0.003978 -0.015249 0.019709 0.025235
7.110000 0.003782 -0.015376 0.019844 0.025388
7.120000 0.004132 -0.015345 0.019943 0.025500
7.130000 0.004274 -0.015095 0.020098 0.025496
7.140000 0.004099 -0.014744 0.020357 0.025468
7.150000 0.004199 -0.014644 0.020292 0.025374
7.160000 0.004191 -0.014645 0.020153 0.025263
7.170000 0.003805 -0.014783 0.020031 0.025184
7.180000 0.003868 -0.015129 0.019722 0.025155
7.190000 0.004035 -0.015285 0.019711 0.025267
7.200000 0.004231 -0.015279 0.019972 0.025500
7.210000 0.004538 -0.015569 0.019734 0.025542
7.220000 0.004786 -0.015663 0.019644 0.025576
7.230000 0.004981 -0.015653 0.019905 0.025808
7.240000 0.004731 -0.016119 0.019696 0.025887
7.250000 0.004292 -0.016442 0.019636 0.025968
7.260000 0.003519 -0.016368 0.019919 0.026021
7.270000 0.003216 -0.016514 0.019989 0.026127
7.280000 0.003299 -0.016522 0.020125 0.026247
7.290000 0.003702 -0.016396 0.020259 0.026324
7.300000 0.003643 -0.016025 0.020581 0.026337
7.310000 0.003639 -0.015725 0.020717 0.026262
7.320000 0.003839 -0.015587 0.020591 0.026109
7.330000 0.003504 -0.015612 0.020492 0.025998
7.340000 0.003356 -0.015794 0.020304 0.025941
7.350000 0.003531 -0.016145 0.020026 0.025965
7.360000 0.003787 -0.016133 0.020162 0.026098
7.370000 0.004107 -0.016247 0.020102 0.026171
7.380000 0.004484 -0.016450 0.019690 0.026047
7.390000 0.004744 -0.016362 0.019791 0.026113
7.400000 0.004750 -0.016604 0.019721 0.026214
7.410000 0.004528 -0.017081 0.019295 0.026165
7.420000 0.003936 -0.017022 0.019517 0.026194
7.430000 0.003443 -0.017039 0.019719 0.026287
7.440000 0.003239 -0.017178 0.019839 0.026442
7.450000 0.003604 -0.017161 0.019942 0.026555
7.460000 0.003758 -0.016919 0.020117 0.026553
7.470000 0.003585 -0.016565 0.020409 0.026529
7.480000 0.003695 -0.016455 0.020359 0.026437
7.490000 0.003685 -0.016446 0.020223 0.026325
7.500000 0.003282 -0.016570 0.020091 0.026249
7.510000 0.003343 -0.016912 0.019750 0.026216
7.520000 0.003516 -0.017084 0.019720 0.026327
7.530000 0.003722 -0.017103 0.019976 0.026559
7.540000 0.004035 -0.017391 0.019718 0.026600
7.550000 0.004293 -0.017491 0.019621 0.026633
7.560000 0.004498 -0.017508 0.019877 0.026867
7.570000 0.004231 -0.017968 0.019627 0.026944
7.580000 0.003770 -0.018283 0.019538 0.027023
7.590000 0.002971 -0.018204 0.019827 0.027080
7.600000 0.002658 -0.018355 0.019880 0.027188
7.610000 0.002744 -0.018378 0.020012 0.027308
7.620000 0.003168 -0.018267 0.020156 0.027386
7.630000 0.003109 -0.017901 0.020509 0.027400
7.640000 0.003107 -0.017601 0.020674 0.027329
7.650000 0.003317 -0.017452 0.020565 0.027175
7.660000 0.002967 -0.017463 0.020462 0.027063
7.670000 0.002810 -0.017636 0.020255 0.027003
7.680000 0.002984 -0.017985 0.019943 0.027020
7.690000 0.003251 -0.017996 0.020073 0.027154
7.700000 0.003580 -0.018118 0.020006 0.027227
7.710000 0.003964 -0.018310 0.019578 0.027098
7.720000 0.004233 -0.018239 0.019678 0.027163
7.730000 0.004237 -0.018489 0.019585 0.027265
7.740000 0.003996 -0.018949 0.019118 0.027212
7.750000 0.003380 -0.018886 0.019345 0.027246
7.760000 0.002871 -0.018904 0.019541 0.027340
7.770000 0.002658 -0.019052 0.019645 0.027495
7.780000 0.003039 -0.019049 0.019751 0.027608
7.790000 0.003204 -0.018816 0.019945 0.027606
7.800000 0.003030 -0.018466 0.020270 0.027587
7.810000 0.003144 -0.018351 0.020236 0.027498
7.820000 0.003130 -0.018324 0.020107 0.027384
7.830000 0.002708 -0.018433 0.019963 0.027306
7.840000 0.002768 -0.018766 0.019593 0.027271
7.850000 0.002945 -0.018947 0.019545 0.027380
7.860000 0.003162 -0.018991 0.019793 0.027612
7.870000 0.003482 -0.019274 0.019514 0.027648
7.880000 0.003745 -0.019380 0.019405 0.027679
7.890000 0.003961 -0.019422 0.019653 0.027913
7.900000 0.003677 -0.019874 0.019362 0.027989
7.910000 0.003195 -0.020178 0.019251 0.028071
7.920000 0.002371 -0.020097 0.019546 0.028135
7.930000 0.002050 -0.020250 0.019584 0.028246
7.940000 0.002138 -0.020287 0.019710 0.028366
7.950000 0.002578 -0.020194 0.019863 0.028443
7.960000 0.002521 -0.019836 0.020250 0.028459
7.970000 0.002521 -0.019537 0.020444 0.028390
7.980000 0.002737 -0.019377 0.020351 0.028233
7.990000 0.002370 -0.019374 0.020243 0.028120
8.000000 0.002201 -0.019534 0.020017 0.028055
8.010000 0.002376 -0.019877 0.019676 0.028069
8.020000 0.002653 -0.019906 0.019797 0.028199
8.030000 0.002995 -0.020035 0.019715 0.028267
8.040000 0.003385 -0.020212 0.019274 0.028134
8.050000 0.003667 -0.020159 0.019370 0.028196
8.060000 0.003671 -0.020411 0.019252 0.028297
8.070000 0.003414 -0.020845 0.018741 0.028238
8.080000 0.002774 -0.020778 0.018971 0.028272
8.090000 0.002249 -0.020800 0.019164 0.028372
8.100000 0.002030 -0.020955 0.019249 0.028527
8.110000 0.002427 -0.020968 0.019356 0.028639
8.120000 0.002602 -0.020745 0.019571 0.028639
8.130000 0.002429 -0.020401 0.019929 0.028623
8.140000 0.002549 -0.020281 0.019913 0.028536
8.150000 0.002530 -0.020242 0.019789 0.028421
8.160000 0.002091 -0.020333 0.019638 0.028345
8.170000 0.002147 -0.020658 0.019238 0.028310
8.180000 0.002329 -0.020851 0.019167 0.028417
8.190000 0.002560 -0.020922 0.019405 0.028650
8.200000 0.002886 -0.021202 0.019105 0.028685
8.210000 0.003161 -0.021311 0.018983 0.028714
8.220000 0.003390 -0.021378 0.019220 0.028947
8.230000 0.003091 -0.021817 0.018888 0.029022
8.240000 0.002587 -0.022108 0.018749 0.029103
8.250000 0.001741 -0.022023 0.019052 0.029172
8.260000 0.001413 -0.022180 0.019072 0.029287
8.270000 0.001506 -0.022226 0.019189 0.029402
8.280000 0.001965 -0.022153 0.019350 0.029479
8.290000 0.001910 -0.021808 0.019770 0.029497
8.300000 0.001911 -0.021510 0.019994 0.029430
8.310000 0.002134 -0.021343 0.019922 0.029274
8.320000 0.001751 -0.021325 0.019812 0.029160
8.330000 0.001572 -0.021470 0.019570 0.029093
8.340000 0.001745 -0.021806 0.019195 0.029103
8.350000 0.002035 -0.021854 0.019306 0.029231
8.360000 0.002385 -0.021989 0.019209 0.029295
8.370000 0.002781 -0.022152 0.018752 0.029156
8.380000 0.003077 -0.022115 0.018845 0.029218
8.390000 0.003081 -0.022369 0.018700 0.029318
8.400000 0.002803 -0.022774 0.018148 0.029255
8.410000 0.002139 -0.022704 0.018381 0.029290
8.420000 0.001595 -0.022727 0.018570 0.029392
8.430000 0.001374 -0.022889 0.018636 0.029548
8.440000 0.001788 -0.022917 0.018742 0.029659
8.450000 0.001975 -0.022709 0.018978 0.029661
8.460000 0.001801 -0.022377 0.019371 0.029651
8.470000 0.001925 -0.022251 0.019371 0.029565
8.480000 0.001905 -0.022200 0.019253 0.029447
8.490000 0.001447 -0.022272 0.019093 0.029372
8.500000 0.001503 -0.022582 0.018661 0.029334
8.510000 0.001690 -0.022781 0.018569 0.029438
8.520000 0.001934 -0.022877 0.018794 0.029670
8.530000 0.002267 -0.023146 0.018474 0.029701
8.540000 0.002550 -0.023256 0.018339 0.029727
8.550000 0.002792 -0.023348 0.018564 0.029959
8.560000 0.002478 -0.023767 0.018192 0.030033
8.570000 0.001954 -0.024041 0.018031 0.030115
8.580000 0.001084 -0.023958 0.018340 0.030191
8.590000 0.000751 -0.024116 0.018340 0.030307
8.600000 0.000848 -0.024177 0.018450 0.030425
8.610000 0.001325 -0.024122 0.018619 0.030501
8.620000 0.001271 -0.023792 0.019074 0.030520
8.630000 0.001274 -0.023499 0.019326 0.030452
8.640000 0.001501 -0.023327 0.019275 0.030297
8.650000 0.001102 -0.023293 0.019168 0.030186
8.660000 0.000912 -0.023425 0.018911 0.030120
8.670000 0.001086 -0.023748 0.018501 0.030124
8.680000 0.001387 -0.023814 0.018600 0.030249
8.690000 0.001748 -0.023956 0.018491 0.030312
8.700000 0.002147 -0.024099 0.018019 0.030167
8.710000 0.002453 -0.024082 0.018103 0.030227
8.720000 0.002456 -0.024335 0.017931 0.030327
8.730000 0.002159 -0.024709 0.017339 0.030263
8.740000 0.001472 -0.024635 0.017580 0.030300
8.750000 0.000914 -0.024656 0.017765 0.030403
8.760000 0.000686 -0.024825 0.017810 0.030560
8.770000 0.001117 -0.024870 0.017918 0.030673
8.780000 0.001314 -0.024678 0.018172 0.030675
8.790000 0.001141 -0.024358 0.018599 0.030668
8.800000 0.001268 -0.024229 0.018619 0.030583
8.810000 0.001240 -0.024168 0.018511 0.030468
8.820000 0.000763 -0.024221 0.018345 0.030394
8.830000 0.000818 -0.024514 0.017879 0.030352
8.840000 0.001009 -0.024716 0.017762 0.030453
8.850000 0.001267 -0.024836 0.017972 0.030683
8.860000 0.001605 -0.025093 0.017634 0.030712
8.870000 0.001898 -0.025205 0.017486 0.030735
8.880000 0.002156 -0.025322 0.017695 0.030967
8.890000 0.001827 -0.025720 0.017282 0.031041
8.900000 0.001281 -0.025977 0.017096 0.031124
8.910000 0.000390 -0.025892 0.017412 0.031205
8.920000 0.000050 -0.026052 0.017397 0.031327
8.930000 0.000153 -0.026124 0.017499 0.031443
8.940000 0.000649 -0.026091 0.017671 0.031519
8.950000 0.000597 -0.025784 0.018158 0.031541
8.960000 0.000603 -0.025500 0.018441 0.031475
8.970000 0.000832 -0.025322 0.018408 0.031317
8.980000 0.000417 -0.025271 0.018304 0.031206
8.990000 0.000214 -0.025383 0.018031 0.031136
9.000000 0.000388 -0.025690 0.017586 0.031135
9.010000 0.000703 -0.025777 0.017669 0.031259
9.020000 0.001073 -0.025920 0.017544 0.031318
9.030000 0.001475 -0.026042 0.017061 0.031168
9.040000 0.001796 -0.026040 0.017135 0.031224
9.050000 0.001801 -0.026288 0.016937 0.031324
9.060000 0.001485 -0.026624 0.016308 0.031257
9.070000 0.000776 -0.026546 0.016554 0.031295
9.080000 0.000206 -0.026569 0.016734 0.031401
9.090000 -0.000024 -0.026741 0.016758 0.031558
9.100000 0.000423 -0.026803 0.016864 0.031670
9.110000 0.000630 -0.026631 0.017136 0.031674
9.120000 0.000456 -0.026330 0.017596 0.031672
9.130000 0.000586 -0.026201 0.017636 0.031589
9.140000 0.000553 -0.026127 0.017541 0.031474
9.150000 0.000057 -0.026160 0.017369 0.031401
9.160000 0.000109 -0.026432 0.016876 0.031360
9.170000 0.000308 -0.026640 0.016732 0.031460
9.180000 0.000582 -0.026787 0.016927 0.031692
9.190000 0.000923 -0.027029 0.016568 0.031716
9.200000 0.001223 -0.027141 0.016408 0.031739
9.210000 0.001496 -0.027282 0.016600 0.031971
9.220000 0.001150 -0.027650 0.016149 0.032041
9.230000 0.000586 -0.027885 0.015940 0.032125
9.240000 -0.000327 -0.027803 0.016265 0.032213
9.250000 -0.000669 -0.027961 0.016229 0.032336
9.260000 -0.000559 -0.028044 0.016318 0.032451
9.270000 -0.000047 -0.028029 0.016494 0.032522
9.280000 -0.000098 -0.027745 0.017012 0.032546
9.290000 -0.000093 -0.027475 0.017325 0.032481
9.300000 0.000139 -0.027294 0.017315 0.032323
9.310000 -0.000294 -0.027227 0.017209 0.032211
9.320000 -0.000507 -0.027319 0.016923 0.032140
9.330000 -0.000332 -0.027608 0.016448 0.032138
9.340000 -0.000000 -0.027711 0.016515 0.032259
9.350000 0.000380 -0.027856 0.016374 0.032314
9.360000 0.000784 -0.027957 0.015878 0.032161
9.370000 0.001121 -0.027971 0.015941 0.032214
9.380000 0.001127 -0.028212 0.015714 0.032313
9.390000 0.000792 -0.028504 0.015051 0.032243
9.400000 0.000066 -0.028428 0.015304 0.032286
9.410000 -0.000518 -0.028454 0.015482 0.032397
9.420000 -0.000746 -0.028627 0.015488 0.032557
9.430000 -0.000284 -0.028705 0.015591 0.032667
9.440000 -0.000067 -0.028551 0.015879 0.032670
9.450000 -0.000240 -0.028270 0.016373 0.032670
9.460000 -0.000109 -0.028142 0.016432 0.032588
9.470000 -0.000150 -0.028058 0.016345 0.032472
9.480000 -0.000666 -0.028068 0.016169 0.032400
9.490000 -0.000613 -0.028315 0.015643 0.032355
9.500000 -0.000406 -0.028520 0.015474 0.032450
9.510000 -0.000117 -0.028691 0.015648 0.032681
9.520000 0.000227 -0.028916 0.015271 0.032701
9.530000 0.000534 -0.029024 0.015096 0.032719
9.540000 0.000824 -0.029187 0.015270 0.032951
9.550000 0.000464 -0.029524 0.014782 0.033021
9.560000 -0.000121 -0.029736 0.014552 0.033106
9.570000 -0.001054 -0.029656 0.014885 0.033198
9.580000 -0.001399 -0.029808 0.014830 0.033323
9.590000 -0.001281 -0.029902 0.014908 0.033437
9.600000 -0.000749 -0.029911 0.015084 0.033507
9.610000 -0.000800 -0.029655 0.015636 0.033534
9.620000 -0.000791 -0.029400 0.015977 0.033471
9.630000 -0.000561 -0.029218 0.015991 0.033313
9.640000 -0.001011 -0.029136 0.015892 0.033203
9.650000 -0.001235 -0.029208 0.015592 0.033132
9.660000 -0.001061 -0.029473 0.015083 0.033125
9.670000 -0.000716 -0.029591 0.015132 0.033243
9.680000 -0.000325 -0.029737 0.014971 0.033295
9.690000 0.000082 -0.029812 0.014467 0.033137
9.700000 0.000434 -0.029841 0.014519 0.033188
9.710000 0.000446 -0.030072 0.014265 0.033287
9.720000 0.000093 -0.030317 0.013567 0.033215
9.730000 -0.000652 -0.030242 0.013826 0.033259
9.740000 -0.001248 -0.030268 0.014000 0.033373
9.750000 -0.001477 -0.030442 0.013981 0.033531
9.760000 -0.000999 -0.030536 0.014078 0.033640
9.770000 -0.000769 -0.030405 0.014384 0.033644
9.780000 -0.000945 -0.030150 0.014911 0.033650
9.790000 -0.000814 -0.030025 0.014991 0.033569
9.800000 -0.000864 -0.029930 0.014917 0.033453
9.810000 -0.001396 -0.029920 0.014742 0.033384
9.820000 -0.001347 -0.030138 0.014187 0.033337
9.830000 -0.001135 -0.030339 0.013990 0.033429
9.840000 -0.000828 -0.030530 0.014145 0.033658
9.850000 -0.000482 -0.030739 0.013752 0.033678
9.860000 -0.000168 -0.030844 0.013564 0.033695
9.870000 0.000143 -0.031027 0.013715 0.033924
9.880000 -0.000234 -0.031328 0.013191 0.033993
9.890000 -0.000839 -0.031517 0.012943 0.034082
9.900000 -0.001789 -0.031443 0.013286 0.034181
9.910000 -0.002135 -0.031593 0.013211 0.034311
9.920000 -0.002010 -0.031695 0.013276 0.034422
9.930000 -0.001458 -0.031726 0.013453 0.034491
9.940000 -0.001505 -0.031500 0.014031 0.034517
9.950000 -0.001499 -0.031265 0.014404 0.034456
9.960000 -0.001267 -0.031082 0.014438 0.034295
9.970000 -0.001734 -0.030980 0.014343 0.034183
9.980000 -0.001969 -0.031030 0.014033 0.034113
9.990000 -0.001797 -0.031269 0.013493 0.034103
10.000000 -0.001432 -0.031403 0.013522 0.034220
10.010000 -0.001027 -0.031546 0.013346 0.034268
10.020000 -0.000623 -0.031594 0.012832 0.034106
10.030000 -0.000252 -0.031636 0.012870 0.034154
10.040000 -0.000236 -0.031855 0.012588 0.034253
10.050000 -0.000609 -0.032050 0.011860 0.034179
10.060000 -0.001373 -0.031976 0.012126 0.034225
10.070000 -0.001977 -0.032005 0.012296 0.034342
10.080000 -0.002204 -0.032178 0.012258 0.034505
10.090000 -0.001709 -0.032289 0.012349 0.034612
10.100000 -0.001469 -0.032183 0.012667 0.034617
10.110000 -0.001643 -0.031958 0.013225 0.034625
10.120000 -0.001516 -0.031835 0.013322 0.034544
10.130000 -0.001572 -0.031730 0.013259 0.034425
10.140000 -0.002122 -0.031700 0.013084 0.034359
10.150000 -0.002076 -0.031889 0.012504 0.034315
10.160000 -0.001855 -0.032084 0.012283 0.034405
10.170000 -0.001525 -0.032296 0.012415 0.034634
10.180000 -0.001181 -0.032481 0.012004 0.034649
10.190000 -0.000860 -0.032580 0.011799 0.034661
10.200000 -0.000531 -0.032781 0.011927 0.034888
10.210000 -0.000922 -0.033042 0.011371 0.034956
10.220000 -0.001540 -0.033204 0.011106 0.035046
10.230000 -0.002506 -0.033138 0.011457 0.035152
10.240000 -0.002852 -0.033283 0.011365 0.035285
10.250000 -0.002718 -0.033394 0.011417 0.035396
10.260000 -0.002148 -0.033446 0.011589 0.035462
10.270000 -0.002194 -0.033254 0.012197 0.035489
10.280000 -0.002188 -0.033039 0.012598 0.035427
10.290000 -0.001961 -0.032860 0.012654 0.035266
10.300000 -0.002444 -0.032743 0.012565 0.035156
10.310000 -0.002691 -0.032766 0.012247 0.035083
10.320000 -0.002518 -0.032972 0.011678 0.035069
10.330000 -0.002136 -0.033116 0.011688 0.035183
10.340000 -0.001720 -0.033255 0.011493 0.035227
10.350000 -0.001316 -0.033273 0.010972 0.035060
10.360000 -0.000927 -0.033328 0.010995 0.035107
10.370000 -0.000908 -0.033531 0.010687 0.035205
10.380000 -0.001297 -0.033674 0.009933 0.035132
10.390000 -0.002078 -0.033605 0.010209 0.035182
10.400000 -0.002691 -0.033636 0.010374 0.035302
10.410000 -0.002915 -0.033804 0.010313 0.035462
10.420000 -0.002402 -0.033932 0.010397 0.035570
10.430000 -0.002152 -0.033850 0.010727 0.035575
10.440000 -0.002326 -0.033660 0.011316 0.035587
10.450000 -0.002199 -0.033544 0.011435 0.035508
10.460000 -0.002265 -0.033432 0.011386 0.035391
10.470000 -0.002833 -0.033378 0.011214 0.035326
10.480000 -0.002788 -0.033531 0.010609 0.035279
10.490000 -0.002560 -0.033716 0.010363 0.035366
10.500000 -0.002210 -0.033944 0.010470 0.035591
10.510000 -0.001865 -0.034106 0.010043 0.035603
10.520000 -0.001535 -0.034197 0.009824 0.035613
10.530000 -0.001183 -0.034416 0.009930 0.035839
10.540000 -0.001589 -0.034632 0.009345 0.035905
10.550000 -0.002226 -0.034766 0.009063 0.035997
10.560000 -0.003209 -0.034710 0.009427 0.036111
10.570000 -0.003554 -0.034848 0.009316 0.036246
10.580000 -0.003410 -0.034965 0.009352 0.036354
10.590000 -0.002823 -0.035037 0.009519 0.036417
10.600000 -0.002869 -0.034884 0.010152 0.036444
10.610000 -0.002867 -0.034693 0.010579 0.036383
10.620000 -0.002639 -0.034516 0.010658 0.036220
10.630000 -0.003140 -0.034385 0.010578 0.036112
10.640000 -0.003395 -0.034381 0.010252 0.036037
10.650000 -0.003220 -0.034553 0.009654 0.036020
10.660000 -0.002815 -0.034706 0.009642 0.036131
10.670000 -0.002390 -0.034842 0.009433 0.036175
10.680000 -0.001990 -0.034830 0.008906 0.036006
10.690000 -0.001584 -0.034894 0.008912 0.036049
10.700000 -0.001562 -0.035079 0.008581 0.036147
10.710000 -0.001970 -0.035164 0.007805 0.036073
10.720000 -0.002766 -0.035102 0.008091 0.036129
10.730000 -0.003386 -0.035137 0.008255 0.036252
10.740000 -0.003607 -0.035302 0.008171 0.036414
10.750000 -0.003077 -0.035444 0.008245 0.036520
10.760000 -0.002815 -0.035392 0.008585 0.036527
10.770000 -0.002989 -0.035235 0.009200 0.036539
10.780000 -0.002866 -0.035128 0.009336 0.036460
10.790000 -0.002942 -0.035011 0.009302 0.036345
10.800000 -0.003530 -0.034937 0.009135 0.036284
10.810000 -0.003484 -0.035050 0.008504 0.036235
10.820000 -0.003247 -0.035223 0.008232 0.036318
10.830000 -0.002876 -0.035467 0.008313 0.036542
10.840000 -0.002532 -0.035602 0.007872 0.036550
10.850000 -0.002197 -0.035683 0.007640 0.036558
10.860000 -0.001823 -0.035918 0.007718 0.036783
10.870000 -0.002246 -0.036088 0.007107 0.036850
10.880000 -0.002899 -0.036194 0.006814 0.036944
10.890000 -0.003895 -0.036151 0.007189 0.037064
10.900000 -0.004236 -0.036281 0.007061 0.037204
10.910000 -0.004086 -0.036403 0.007086 0.037311
10.920000 -0.003482 -0.036495 0.007247 0.037370
10.930000 -0.003526 -0.036381 0.007903 0.037396
10.940000 -0.003524 -0.036218 0.008354 0.037336
10.950000 -0.003303 -0.036049 0.008452 0.037173
10.960000 -0.003821 -0.035901 0.008381 0.037064
10.970000 -0.004087 -0.035872 0.008050 0.036991
10.980000 -0.003913 -0.036007 0.007427 0.036972
10.990000 -0.003490 -0.036166 0.007391 0.037078
11.000000 -0.003054 -0.036292 0.007163 0.037118
11.010000 -0.002659 -0.036245 0.006631 0.036943
11.020000 -0.002231 -0.036315 0.006619 0.036980
11.030000 -0.002202 -0.036479 0.006264 0.037078
11.040000 -0.002629 -0.036503 0.005469 0.037004
11.050000 -0.003439 -0.036448 0.005761 0.037061
11.060000 -0.004066 -0.036488 0.005924 0.037189
11.070000 -0.004281 -0.036645 0.005821 0.037351
11.080000 -0.003735 -0.036801 0.005885 0.037455
11.090000 -0.003464 -0.036777 0.006232 0.037461
11.100000 -0.003638 -0.036664 0.006871 0.037479
11.110000 -0.003520 -0.036566 0.007025 0.037401
11.120000 -0.003607 -0.036443 0.007005 0.037285
11.130000 -0.004211 -0.036347 0.006846 0.037225
11.140000 -0.004169 -0.036421 0.006196 0.037179
11.150000 -0.003921 -0.036580 0.005899 0.037260
11.160000 -0.003526 -0.036837 0.005953 0.037482
11.170000 -0.003187 -0.036946 0.005499 0.037489
11.180000 -0.002844 -0.037013 0.005257 0.037493
11.190000 -0.002448 -0.037259 0.005311 0.037715
11.200000 -0.002885 -0.037378 0.004676 0.037780
11.210000 -0.003554 -0.037454 0.004373 0.037876
11.220000 -0.004563 -0.037426 0.004756 0.038002
11.230000 -0.004901 -0.037547 0.004610 0.038145
11.240000 -0.004735 -0.037674 0.004621 0.038250
11.250000 -0.004110 -0.037786 0.004775 0.038308
11.260000 -0.004151 -0.037717 0.005450 0.038334
11.270000 -0.004151 -0.037584 0.005923 0.038273
11.280000 -0.003935 -0.037422 0.006041 0.038110
11.290000 -0.004472 -0.037263 0.005982 0.038004
11.300000 -0.004748 -0.037207 0.005648 0.037932
11.310000 -0.004574 -0.037299 0.005001 0.037910
11.320000 -0.004130 -0.037464 0.004944 0.038014
11.330000 -0.003683 -0.037582 0.004700 0.038053
11.340000 -0.003294 -0.037501 0.004165 0.037876
11.350000 -0.002843 -0.037579 0.004137 0.037913
11.360000 -0.002807 -0.037723 0.003760 0.038014
11.370000 -0.003255 -0.037684 0.002950 0.037939
11.380000 -0.004079 -0.037639 0.003250 0.037999
11.390000 -0.004710 -0.037684 0.003411 0.038130
11.400000 -0.004922 -0.037835 0.003287 0.038295
11.410000 -0.004357 -0.038003 0.003340 0.038397
11.420000 -0.004075 -0.038005 0.003695 0.038401
11.430000 -0.004249 -0.037933 0.004355 0.038418
11.440000 -0.004137 -0.037847 0.004525 0.038340
11.450000 -0.004236 -0.037720 0.004517 0.038225
11.460000 -0.004859 -0.037606 0.004365 0.038169
11.470000 -0.004816 -0.037635 0.003698 0.038122
11.480000 -0.004558 -0.037773 0.003379 0.038197
11.490000 -0.004138 -0.038041 0.003407 0.038417
11.500000 -0.003803 -0.038119 0.002942 0.038421
11.510000 -0.003455 -0.038169 0.002686 0.038419
11.520000 -0.003033 -0.038424 0.002712 0.038639
11.530000 -0.003483 -0.038495 0.002058 0.038707
11.540000 -0.004170 -0.038542 0.001745 0.038806
11.550000 -0.005190 -0.038532 0.002137 0.038938
11.560000 -0.005523 -0.038642 0.001978 0.039085
11.570000 -0.005348 -0.038773 0.001974 0.039190
11.580000 -0.004707 -0.038902 0.002119 0.039243
11.590000 -0.004747 -0.038880 0.002813 0.039270
11.600000 -0.004752 -0.038781 0.003306 0.039210
11.610000 -0.004543 -0.038628 0.003444 0.039047
11.620000 -0.005095 -0.038456 0.003395 0.038941
11.630000 -0.005384 -0.038371 0.003056 0.038867
11.640000 -0.005210 -0.038419 0.002389 0.038844
11.650000 -0.004743 -0.038587 0.002310 0.038946
11.660000 -0.004284 -0.038690 0.002051 0.038980
11.670000 -0.003899 -0.038573 0.001515 0.038800
11.680000 -0.003429 -0.038655 0.001472 0.038834
11.690000 -0.003383 -0.038772 0.001074 0.038934
11.700000 -0.003848 -0.038670 0.000255 0.038862
11.710000 -0.004683 -0.038640 0.000566 0.038927
11.720000 -0.005318 -0.038691 0.000725 0.039062
11.730000 -0.005519 -0.038832 0.000588 0.039227
11.740000 -0.004940 -0.039011 0.000625 0.039328
11.750000 -0.004646 -0.039046 0.000985 0.039333
11.760000 -0.004822 -0.039023 0.001663 0.039355
11.770000 -0.004717 -0.038949 0.001848 0.039277
11.780000 -0.004827 -0.038821 0.001853 0.039163
11.790000 -0.005469 -0.038688 0.001709 0.039110
11.800000 -0.005429 -0.038669 0.001028 0.039061
11.810000 -0.005161 -0.038787 0.000686 0.039135
11.820000 -0.004717 -0.039061 0.000687 0.039351
11.830000 -0.004386 -0.039108 0.000212 0.039354
11.840000 -0.004032 -0.039146 -0.000054 0.039353
11.850000 -0.003582 -0.039408 -0.000053 0.039570
11.860000 -0.004049 -0.039422 -0.000720 0.039636
11.870000 -0.004751 -0.039440 -0.001037 0.039738
11.880000 -0.005783 -0.039450 -0.000638 0.039877
11.890000 -0.006109 -0.039550 -0.000809 0.040027
11.900000 -0.005921 -0.039685 -0.000826 0.040132
11.910000 -0.005260 -0.039832 -0.000690 0.040184
11.920000 -0.005298 -0.039860 0.000017 0.040211
11.930000 -0.005303 -0.039795 0.000527 0.040150
11.940000 -0.005102 -0.039652 0.000682 0.039985
11.950000 -0.005672 -0.039468 0.000647 0.039879
11.960000 -0.005971 -0.039354 0.000310 0.039806
11.970000 -0.005799 -0.039353 -0.000372 0.039780
11.980000 -0.005308 -0.039523 -0.000473 0.039881
11.990000 -0.004833 -0.039614 -0.000746 0.039914
12.000000 -0.004460 -0.039459 -0.001278 0.039731
12.010000 -0.003964 -0.039541 -0.001338 0.039761
12.020000 -0.003912 -0.039632 -0.001755 0.039864
12.030000 -0.004395 -0.039466 -0.002577 0.039794
12.040000 -0.005241 -0.039452 -0.002258 0.039863
12.050000 -0.005877 -0.039511 -0.002104 0.040001
12.060000 -0.006070 -0.039639 -0.002261 0.040164
12.070000 -0.005471 -0.039828 -0.002236 0.040264
12.080000 -0.005166 -0.039888 -0.001875 0.040265
12.090000 -0.005340 -0.039914 -0.001183 0.040287
12.100000 -0.005240 -0.039855 -0.000984 0.040210
12.110000 -0.005361 -0.039724 -0.000965 0.040096
12.120000 -0.006022 -0.039576 -0.001098 0.040046
12.130000 -0.005984 -0.039510 -0.001792 0.040000
12.140000 -0.005707 -0.039603 -0.002153 0.040070
12.150000 -0.005235 -0.039883 -0.002180 0.040284
12.160000 -0.004907 -0.039893 -0.002664 0.040282
12.170000 -0.004545 -0.039912 -0.002941 0.040278
12.180000 -0.004069 -0.040177 -0.002966 0.040491
12.190000 -0.004552 -0.040135 -0.003646 0.040557
12.200000 -0.005267 -0.040124 -0.003967 0.040662
12.210000 -0.006308 -0.040160 -0.003557 0.040808
12.220000 -0.006627 -0.040247 -0.003743 0.040960
12.230000 -0.006427 -0.040379 -0.003773 0.041061
12.240000 -0.005747 -0.040539 -0.003648 0.041106
12.250000 -0.005784 -0.040616 -0.002929 0.041130
12.260000 -0.005797 -0.040586 -0.002406 0.041069
12.270000 -0.005605 -0.040456 -0.002236 0.040903
12.280000 -0.006193 -0.040262 -0.002257 0.040798
12.290000 -0.006502 -0.040121 -0.002590 0.040727
12.300000 -0.006327 -0.040071 -0.003286 0.040701
12.310000 -0.005810 -0.040240 -0.003407 0.040799
12.320000 -0.005325 -0.040313 -0.003695 0.040831
12.330000 -0.004961 -0.040116 -0.004224 0.040642
12.340000 -0.004442 -0.040197 -0.004300 0.040670
12.350000 -0.004380 -0.040259 -0.004730 0.040771
12.360000 -0.004882 -0.040027 -0.005555 0.040704
