0.100000 0.000671 0.000760 -0.000614 0.001185
0.200000 0.000900 0.002330 0.000311 0.002517
0.300000 0.000844 0.003445 -0.000590 0.003595
0.400000 0.001866 0.004795 0.000279 0.005152
0.500000 0.000791 0.006180 0.001900 0.006514
0.600000 0.001299 0.006989 0.001408 0.007246
0.700000 0.001433 0.008807 0.002434 0.009249
0.800000 0.001452 0.009733 0.001969 0.010036
0.900000 0.002182 0.010863 0.002260 0.011308
1.000000 0.000393 0.012234 0.004558 0.013061
1.100000 0.001065 0.012931 0.004117 0.013613
1.200000 0.000895 0.014689 0.004967 0.015531
1.300000 0.000919 0.015395 0.005390 0.016337
1.400000 0.001406 0.016558 0.004991 0.017351
1.500000 -0.000939 0.017635 0.007607 0.019229
1.600000 0.000069 0.018290 0.007562 0.019792
1.700000 -0.000398 0.019894 0.008195 0.021520
1.800000 -0.000453 0.019959 0.009424 0.022076
1.900000 -0.000245 0.021108 0.008413 0.022724
2.000000 -0.002719 0.021690 0.010843 0.024401
2.100000 -0.001404 0.022358 0.011124 0.025012
2.200000 -0.002192 0.023858 0.011562 0.026603
2.300000 -0.002976 0.023504 0.013389 0.027213
2.400000 -0.002877 0.024510 0.012476 0.027653
2.500000 -0.005324 0.024445 0.014651 0.028992
2.600000 -0.004360 0.025194 0.015222 0.029757
2.700000 -0.004899 0.026628 0.015825 0.031361
2.800000 -0.006509 0.025931 0.017910 0.032180
2.900000 -0.006408 0.026802 0.017391 0.032586
3.000000 -0.008473 0.026447 0.019519 0.033944
3.100000 -0.007917 0.027241 0.020142 0.034792
3.200000 -0.008288 0.028497 0.020596 0.036124
3.300000 -0.010753 0.027451 0.023094 0.037450
3.400000 -0.010664 0.028080 0.022966 0.037811
3.500000 -0.012533 0.027787 0.024796 0.039294
3.600000 -0.012390 0.028244 0.025699 0.040146
3.700000 -0.012571 0.029586 0.025791 0.041213
3.800000 -0.015678 0.028062 0.028560 0.042999
3.900000 -0.015586 0.028541 0.028704 0.043376
4.000000 -0.017169 0.028547 0.030228 0.044982
4.100000 -0.017028 0.028168 0.031622 0.045644
4.200000 -0.017397 0.029926 0.030771 0.046315
4.300000 -0.021260 0.027649 0.033650 0.048464
4.400000 -0.020525 0.027899 0.034143 0.048635
4.500000 -0.022419 0.028082 0.034823 0.050038
4.600000 -0.022328 0.026740 0.036850 0.050709
4.700000 -0.022819 0.028899 0.035449 0.051113
4.800000 -0.027213 0.026089 0.037669 0.053293
4.900000 -0.025675 0.026128 0.038918 0.053446
5.000000 -0.027700 0.026389 0.038934 0.054585
5.100000 -0.027930 0.023945 0.040862 0.054983
5.200000 -0.028543 0.026290 0.039086 0.055078
5.300000 -0.032740 0.023130 0.040362 0.056886
5.400000 -0.030772 0.023140 0.042077 0.057033
5.500000 -0.032855 0.023512 0.041618 0.058003
5.600000 -0.034149 0.020604 0.042892 0.058570
5.700000 -0.034536 0.022440 0.041597 0.058537
5.800000 -0.038276 0.018845 0.041956 0.059837
5.900000 -0.036889 0.018683 0.043781 0.060222
6.000000 -0.038240 0.019360 0.043530 0.061090
6.100000 -0.040552 0.016352 0.043791 0.061883
6.200000 -0.040719 0.017292 0.043190 0.061825
6.300000 -0.043564 0.013698 0.043182 0.062850
6.400000 -0.042773 0.013405 0.044737 0.063330
6.500000 -0.043701 0.014634 0.044246 0.063887
6.600000 -0.046754 0.011480 0.044008 0.065226
6.700000 -0.046729 0.011360 0.043925 0.065131
6.800000 -0.048954 0.008602 0.043542 0.066078
6.900000 -0.048638 0.007512 0.044880 0.066605
7.000000 -0.049240 0.009685 0.044146 0.066837
7.100000 -0.052621 0.006046 0.043480 0.068528
7.200000 -0.052431 0.005304 0.043649 0.068428
7.300000 -0.054057 0.003647 0.043135 0.069254
7.400000 -0.053796 0.001866 0.044103 0.069588
7.500000 -0.054437 0.005004 0.042932 0.069509
7.600000 -0.058164 0.000719 0.041627 0.071529
7.700000 -0.057260 -0.000241 0.042358 0.071224
7.800000 -0.058883 -0.001165 0.041039 0.071783
7.900000 -0.058732 -0.003454 0.041685 0.072105
8.000000 -0.059283 -0.000044 0.040495 0.071793
8.100000 -0.063051 -0.004117 0.038039 0.073752
8.200000 -0.061492 -0.005347 0.039758 0.073421
8.300000 -0.062910 -0.005809 0.037952 0.073701
8.400000 -0.063045 -0.008262 0.037474 0.073806
8.500000 -0.063504 -0.004950 0.036277 0.073302
8.600000 -0.066596 -0.008691 0.032932 0.074800
8.700000 -0.064873 -0.009682 0.035160 0.074421
8.800000 -0.066042 -0.009824 0.033153 0.074547
8.900000 -0.066996 -0.011762 0.031379 0.074910
9.000000 -0.067163 -0.009339 0.030635 0.074408
9.100000 -0.069356 -0.012961 0.026531 0.075380
9.200000 -0.068240 -0.013993 0.028471 0.075254
9.300000 -0.068707 -0.013692 0.027360 0.075211
9.400000 -0.070251 -0.014728 0.024333 0.075790
9.500000 -0.070041 -0.013783 0.023828 0.075256
9.600000 -0.071117 -0.016859 0.019852 0.075736
9.700000 -0.070479 -0.017719 0.021168 0.075693
9.800000 -0.070661 -0.016428 0.020532 0.075395
9.900000 -0.072504 -0.017181 0.017084 0.076445
10.000000 -0.071926 -0.017648 0.016510 0.075877
10.100000 -0.072361 -0.019491 0.013172 0.076089
10.200000 -0.071939 -0.020702 0.013632 0.076089
10.300000 -0.071987 -0.018235 0.013616 0.075498
10.400000 -0.073668 -0.019139 0.009757 0.076736
10.500000 -0.072806 -0.020338 0.009139 0.076143
10.600000 -0.072749 -0.021081 0.006789 0.076046
10.700000 -0.072369 -0.021851 0.006593 0.075882
10.800000 -0.072421 -0.018779 0.006827 0.075127
10.900000 -0.073932 -0.019882 0.002403 0.076596
11.000000 -0.072789 -0.021225 0.002438 0.075859
11.100000 -0.072404 -0.021362 -0.000016 0.075490
11.200000 -0.072190 -0.021469 -0.000540 0.075316
11.300000 -0.072021 -0.018603 -0.000172 0.074385
11.400000 -0.073119 -0.019085 -0.005073 0.075739
11.500000 -0.071936 -0.020742 -0.004060 0.074977
11.600000 -0.071182 -0.020628 -0.006459 0.074391
11.700000 -0.071053 -0.019712 -0.007794 0.074147
11.800000 -0.070709 -0.017252 -0.007495 0.073168
11.900000 -0.070919 -0.017376 -0.012479 0.074076
12.000000 -0.070001 -0.018597 -0.010799 0.073230
12.100000 -0.068927 -0.018489 -0.013003 0.072538
12.200000 -0.069068 -0.016611 -0.014982 0.072600
